ID	0	50	100	150	200	250	300	350	400	450	500	550	600	650	700	750	800	850	900	950	1000
G1	0.0848025	0.1335257	0.2225253	0.1429892	0.1953881	0.1549547	0.1993417	0.2101618	0.3218109	0.3452249	0.3357686	0.4040542	0.3208	0.2095106	0.2432363	0.1606186	0.1351319	0.1014227	0.1464802	0.1013055	0.1238561
G2	0.2770523	0.2899561	0.2154261	0.255955	0.3138865	0.3167183	0.2315106	0.2052176	0.2649298	0.2247362	0.2484699	0.3307546	0.312077	0.2325723	0.2554795	0.2392501	0.2607831	0.1576072	0.2086976	0.2070141	0.2468682
G3	0.4926687	0.4886014	0.4529292	0.4384251	0.3764657	0.4953516	0.4970637	0.5190786	0.5164901	0.4974515	0.4761708	0.5797615	0.549185	0.4564832	0.4975031	0.5450659	0.5153658	0.428154	0.5627296	0.5127032	0.418064
G4	0.3107276	0.3634908	0.2377101	0.333709	0.3733741	0.3514326	0.2658561	0.4410692	0.3984884	0.5042925	0.4550509	0.4227864	0.5232008	0.3924555	0.4649371	0.342151	0.4422349	0.3887676	0.2431168	0.334231	0.3473661
G5	0.6284227	0.6548389	0.6261131	0.4690874	0.5370504	0.6178788	0.6824706	0.5296155	0.5841972	0.6129709	0.6485422	0.6749399	0.6411379	0.7369953	0.5624733	0.664425	0.7001502	0.6127805	0.5462501	0.6040865	0.639126
G6	0.0548762	0.0770348	0.0349863	0.0357937	0.0361613	0.0715658	0.1164765	0.0276738	0.0337818	0.0550192	0.0591332	0.0297327	0.0462184	0.0409335	0.0194904	0.047073	0.0287087	0.0482019	0.0288601	0.0310325	0.0229366
G7	0.6571819	0.5566408	0.6389505	0.6192376	0.5382485	0.6163528	0.4690437	0.6224497	0.4563642	0.6533906	0.638434	0.5220228	0.540346	0.6165518	0.6479467	0.7572144	0.6237898	0.6586385	0.6098326	0.663187	0.6005947
G8	0.4457981	0.4345745	0.4307307	0.434868	0.4772203	0.4188853	0.4842265	0.4143539	0.4727909	0.4521859	0.5572695	0.5619199	0.4168111	0.4175626	0.4065534	0.419586	0.3955991	0.3929944	0.4096856	0.3615062	0.4879188
G9	0.0228845	0.0204348	0.0065314	0.0035065	0.0049396	0.0189792	0.014122	0.0045878	0.0092554	0.0054151	0.0096221	0.0186515	0.0528666	0.0229368	0.0082391	0.0154719	0.0078636	0.0106732	0.0165143	0.0177799	0.0106836
G10	0.3656443	0.2699189	0.2190627	0.1278424	0.108071	0.0374248	0.033527	0.0236689	0.0064505	0.0019667	0.0054774	0.2739586	0.2982871	0.3954594	0.4298332	0.3448431	0.4540213	0.4832306	0.4544776	0.4532522	0.518879
G11	0.029229	0.0165832	0.0163822	0.0167381	0.0143608	0.013923	0.017192	0.0178015	0.0116887	0.0345137	0.011776	0.0082241	0.0067295	0.0135044	0.0075708	0.0086871	0.0092921	0.0101003	0.0066351	0.023709	0.0120825
G12	0.4196773	0.2565936	0.209527	0.1191283	0.1397839	0.1640643	0.1376855	0.1644754	0.1217304	0.1496315	0.1775547	0.3491458	0.2412941	0.320586	0.4317645	0.3961061	0.4560517	0.3233642	0.3383721	0.3505373	0.346093
G13	0.0373837	0.0321722	0.022997	0.038794	0.0272328	0.0181508	0.067438	0.0558298	0.0208297	0.0297439	0.0376031	0.0422076	0.0511289	0.0255878	0.0103244	0.0141823	0.0274214	0.0520932	0.0433481	0.0251004	0.0278581
G14	0.0322964	0.0576846	0.0664507	0.0486293	0.0814553	0.038146	0.0419768	0.068475	0.0404799	0.1607346	0.0588046	0.0238432	0.0225511	0.0025268	0.025101	0.0198356	0.0138153	0.0127669	0.0154049	0.0331095	0.0192356
G15	0.0231607	0.0012807	0.003696	0.0017749	0.0111816	0.0004859	0.0004554	0.0003759	0.0037585	0.0163577	0.0037653	0.0034696	0.0032883	0.012306	0.0044262	0.0023852	0.0254553	0.0167059	0.0337574	0.0204106	0.0137531
G16	0.0887683	0.1476299	0.1036439	0.1267923	0.0941399	0.1428339	0.1384663	0.0756157	0.1029889	0.0831763	0.0784178	0.073367	0.062667	0.0984787	0.1017796	0.095712	0.1389536	0.0931504	0.1103084	0.1062342	0.1248327
G17	0.3692298	0.3009243	0.4291915	0.3840205	0.368146	0.4374065	0.5092797	0.4416943	0.3572278	0.3793488	0.3494114	0.3511952	0.2976475	0.3951614	0.3211624	0.3800205	0.513304	0.3360345	0.4312551	0.4580882	0.3298105
G18	0.4411772	0.503758	0.494357	0.5005215	0.5857592	0.5124096	0.5588875	0.6770392	0.6034588	0.5754169	0.4775097	0.5403753	0.4859302	0.4906982	0.4731112	0.4771398	0.4803876	0.4106308	0.4565152	0.4942128	0.4038148
G19	0.0768452	0.0507839	0.0453484	0.091352	0.068911	0.0490348	0.0630173	0.0516346	0.0825649	0.0745728	0.0817162	0.088706	0.1187224	0.0751278	0.0685407	0.0533922	0.0906923	0.0470051	0.0549374	0.0369214	0.059261
G20	0.0031743	0.000792	0	0.0000253	0.0000662	0.0000432	0.0001126	0.0000991	0	0.0001542	0.0020937	0.0719635	0.1340078	0.0813211	0.0396089	0.0332893	0.004563	0.011299	0.0029358	0.0042522	0.0031615
G21	0.035719	0.0212148	0.0509883	0.0309249	0.0189792	0.0306259	0.0349849	0.0617031	0.0372422	0.0337655	0.0427474	0.0558465	0.0393805	0.0620367	0.0358777	0.0445838	0.0417062	0.0603821	0.0350829	0.0424771	0.0335416
G22	0.1192953	0.1851927	0.1396224	0.1609869	0.1460968	0.1848026	0.1479906	0.1525251	0.1408958	0.1542501	0.1869541	0.1270167	0.1661719	0.1325699	0.1421474	0.1747643	0.1361242	0.1213384	0.1445675	0.1562535	0.1379101
G23	0.2153997	0.1137122	0.1462258	0.062985	0.110244	0.0780025	0.0687992	0.0915912	0.0926086	0.1416011	0.2399797	0.2650016	0.3266759	0.3221379	0.2808494	0.1646229	0.100714	0.1518999	0.1280005	0.1385701	0.103544
G24	0.2380882	0.1552499	0.0820972	0.05931	0.0273987	0.077455	0.0921321	0.0685118	0.0660466	0.1184213	0.1803032	0.3684884	0.4505533	0.317787	0.3364472	0.3441272	0.2863519	0.1457745	0.1413144	0.1483238	0.2063181
G25	0.1233916	0.0162249	0.017009	0.0131567	0.0049629	0.0157207	0.0078999	0.0008454	0.0102286	0.0124734	0.0035764	0.0907893	0.1121427	0.1091618	0.1095583	0.1002084	0.1608306	0.0892768	0.1045475	0.142049	0.1412929
G26	0.7323572	0.5809977	0.5924872	0.6719486	0.6633436	0.6315848	0.5768338	0.678621	0.7130794	0.5154356	0.6566825	0.559251	0.6327553	0.5750142	0.6396279	0.6875059	0.5451068	0.6701081	0.5849188	0.6161543	0.6290707
G27	0.4369315	0.4671892	0.5960272	0.5075563	0.4187341	0.5274562	0.3957023	0.524761	0.4616548	0.4132914	0.5100772	0.5012422	0.4464648	0.5726846	0.4465214	0.4999974	0.366063	0.4310445	0.4164004	0.4500382	0.3830636
G28	0.3261926	0.3698533	0.3707115	0.3590434	0.3695796	0.3774178	0.2739853	0.3083202	0.4077094	0.370916	0.4390276	0.4997105	0.4773318	0.4451204	0.4644778	0.2829995	0.3883894	0.3262594	0.3994744	0.3118731	0.3496506
G29	0.1398546	0.2086092	0.1664247	0.2023048	0.2364489	0.2024129	0.1295006	0.2214607	0.234748	0.2366188	0.3293419	0.3439888	0.207734	0.2560633	0.2898841	0.1832829	0.2453991	0.1649279	0.1518101	0.1791511	0.138133
G30	0.4686298	0.4400982	0.5247832	0.5493851	0.3916597	0.3979941	0.4871716	0.434169	0.4057245	0.4576445	0.4467343	0.5238678	0.5151746	0.4376096	0.4628457	0.4626027	0.4222791	0.4179099	0.5770544	0.4387658	0.4793352
G31	0.1706227	0.2318632	0.2544429	0.1016537	0.0535743	0.0492319	0.0150927	0.04873	0.0335053	0.0536157	0.0252332	0.0317289	0.0283347	0.0287032	0.0736322	0.063524	0.1283555	0.1275442	0.168402	0.1283606	0.2068068
G32	0.0188001	0.0045435	0.0175123	0.0541858	0.04982	0.0561474	0.0154767	0.0212884	0.037685	0.0185809	0.0285174	0.0332149	0.0251112	0.0033158	0.0220381	0.0129373	0.0212009	0.0444356	0.0102265	0.0059127	0.0185704
G33	0.1721225	0.1816499	0.1759337	0.241599	0.1957141	0.2201128	0.1962371	0.1703358	0.1775203	0.1484732	0.1909213	0.1527369	0.1689963	0.261169	0.2259112	0.1966337	0.1883979	0.1828005	0.1761782	0.1623552	0.2029827
G34	0.074762	0.100436	0.1043237	0.0961392	0.1044565	0.0831627	0.0896525	0.1248784	0.1479763	0.1067985	0.0818025	0.1019749	0.0780009	0.0984328	0.1522131	0.0727449	0.1324751	0.0861746	0.2071896	0.1302722	0.0958333
G35	0.5855169	0.5325268	0.615746	0.5452658	0.6587654	0.5604465	0.5519535	0.6538466	0.742331	0.6233186	0.7012493	0.6258926	0.6114792	0.6512807	0.5109081	0.5794696	0.6077763	0.6202033	0.6456299	0.7480723	0.6937576
G36	0.6346758	0.5761366	0.6138212	0.7140811	0.511339	0.5415473	0.6582867	0.6451222	0.7280129	0.6207884	0.6487721	0.5268686	0.6110349	0.7081	0.7635337	0.6256591	0.605306	0.6071725	0.6302843	0.7159215	0.6820207
G37	0.5809342	0.7063356	0.5826391	0.6638588	0.6555692	0.5382764	0.5788928	0.5163737	0.3717236	0.2824684	0.1640407	0.480457	0.5226214	0.5847066	0.565018	0.5417631	0.6632597	0.6445284	0.6070995	0.5441978	0.7012115
G38	0.0915266	0.1136792	0.0644039	0.0674138	0.1010076	0.081586	0.0698937	0.1064457	0.080171	0.0663394	0.1033398	0.0636669	0.1129538	0.1099451	0.1386898	0.0771063	0.0703926	0.1086547	0.0907942	0.1061311	0.1095846
G39	0.0481117	0.0521455	0.031602	0.0689881	0.0291561	0.086391	0.0755163	0.0481108	0.0490872	0.0633629	0.0652836	0.058743	0.0511428	0.0226984	0.0779153	0.0984356	0.1003345	0.0514302	0.03445	0.0410775	0.0500642
G40	0.5717832	0.5707371	0.5945012	0.5815529	0.4470932	0.6450927	0.6802657	0.5604805	0.6609312	0.5918281	0.6071267	0.8249578	0.6043585	0.5346854	0.5828601	0.5574283	0.5992986	0.6439881	0.6767782	0.6805148	0.6074305
G41	0.0422817	0.0391438	0.0230329	0.0322298	0.0274061	0.032273	0.0328035	0.0508525	0.0632307	0.0504148	0.03286	0.0186779	0.040843	0.0488704	0.04124	0.0520461	0.0385717	0.0446698	0.0403715	0.0701194	0.0444541
G42	0.6187024	0.5282716	0.589515	0.5458988	0.5801701	0.681425	0.6592912	0.5034644	0.6636067	0.5720358	0.6340223	0.6074667	0.5621726	0.6480332	0.6093876	0.6078673	0.667049	0.6534295	0.5457394	0.5735146	0.483351
G43	0.7074512	0.3052638	0.1887189	0.0447795	0.0453444	0.0534374	0.0244403	0.0305387	0.0480029	0.0586176	0.0328846	0.4523254	0.5083911	0.5235796	0.5680171	0.6957483	0.5528794	0.6260371	0.6615828	0.6776159	0.5546802
G44	0.5376086	0.4480754	0.2938866	0.1583182	0.07544	0.036789	0.0177565	0.0153234	0.0095964	0.0320505	0.0292905	0.0997997	0.2563617	0.4095548	0.3683492	0.4123292	0.4049166	0.4688618	0.4498611	0.4220719	0.4505153
G45	0.6408517	0.5711957	0.5739405	0.5417455	0.4511428	0.2960099	0.2100995	0.19266	0.1841822	0.2303263	0.1387473	0.4128264	0.5176083	0.5588021	0.5663815	0.5622548	0.692208	0.6195197	0.5826316	0.5077827	0.5528729
G46	0.6262539	0.6644974	0.6725247	0.6468108	0.629796	0.7811837	0.5543764	0.5238285	0.5988464	0.618619	0.6695979	0.7606684	0.6428805	0.5634608	0.6838635	0.6139076	0.6695884	0.5918153	0.5634147	0.5577659	0.5707688
G47	0.5516249	0.5821137	0.5968273	0.6007377	0.6254021	0.6149849	0.6414892	0.6065264	0.6072303	0.6734795	0.5225844	0.5019475	0.4862048	0.6552891	0.657181	0.5313124	0.702144	0.6760389	0.56231	0.546011	0.4983238
G48	0.5864213	0.6457004	0.586551	0.6098684	0.5794112	0.5182507	0.584614	0.5727451	0.6731581	0.6042747	0.5263622	0.5495139	0.4301713	0.5043277	0.54437	0.5886041	0.5518497	0.593979	0.5904115	0.5817235	0.5861892
G49	0.3737388	0.3292928	0.4119936	0.3890151	0.471381	0.3878399	0.3743583	0.4571872	0.4555629	0.3871437	0.4330394	0.3388464	0.3644759	0.3860023	0.4748777	0.4283021	0.4107069	0.469404	0.3749843	0.3891416	0.3865452
G50	0.2138063	0.2056425	0.1650114	0.1812802	0.1245228	0.0877027	0.0684726	0.0906371	0.1028353	0.0334664	0.0376944	0.0480059	0.0799405	0.1341506	0.1496617	0.1794036	0.1340694	0.1412694	0.1758228	0.2025235	0.1573745
G51	0.6836272	0.483993	0.3062704	0.2777677	0.2487396	0.2782054	0.2593504	0.2784957	0.2278201	0.2759597	0.2744491	0.496661	0.5084704	0.5676986	0.6631259	0.5602301	0.5900013	0.5785009	0.5537918	0.6640091	0.4973923
G52	0.6767777	0.6704393	0.6628415	0.5708785	0.5464893	0.5059578	0.6621853	0.5560117	0.6449307	0.6179287	0.9022316	0.587312	0.5991049	0.60415	0.7230557	0.6249245	0.6926249	0.5875546	0.7981816	0.6594542	0.703979
G53	0.3448006	0.3395438	0.377087	0.4299798	0.3268525	0.2977376	0.411737	0.4715522	0.4269386	0.4672217	0.440924	0.3855277	0.3617934	0.434381	0.4503688	0.3797167	0.4245618	0.3691455	0.5131059	0.4172311	0.3124269
G54	0.3076885	0.2558744	0.296142	0.1582145	0.2235531	0.1916437	0.2036521	0.2490502	0.2169684	0.2209491	0.2586168	0.2639561	0.2127272	0.1937622	0.1516991	0.1954074	0.1938821	0.2477681	0.2181079	0.1933111	0.2210615
G55	0.4187867	0.4792895	0.4444075	0.445383	0.4466996	0.5477924	0.5359333	0.4403721	0.577424	0.4210514	0.4958503	0.5492744	0.51329	0.5107695	0.3870044	0.5125863	0.4046784	0.482537	0.4550598	0.407949	0.4629985
G56	0.2504914	0.4216044	0.5187151	0.5909578	0.636464	0.6421461	0.6097954	0.6121608	0.6220359	0.577024	0.5351191	0.6271738	0.4544641	0.2957583	0.2355484	0.2614969	0.2902958	0.3323084	0.2867217	0.2193069	0.344767
G57	0.2423548	0.0648186	0.0694917	0.0733136	0.0635461	0.0636634	0.058438	0.0754562	0.0506057	0.0962407	0.1033678	0.2546711	0.2534574	0.2293682	0.2616484	0.2779649	0.239812	0.2826567	0.1852892	0.3068961	0.3312216
G58	0.2635206	0.2306286	0.3227771	0.2077939	0.2449858	0.2544833	0.1864021	0.1613561	0.2420337	0.2253317	0.2557342	0.3010305	0.2079306	0.1950157	0.2299626	0.2568365	0.2073226	0.2711462	0.2240654	0.2038742	0.2222081
G59	0.14547	0.1615953	0.0944936	0.1310065	0.1080176	0.1025645	0.116488	0.1369362	0.2070925	0.2825979	0.2857635	0.3291611	0.4492165	0.3329946	0.2152745	0.1318832	0.0633677	0.0986528	0.1265456	0.0364842	0.049505
G60	0.215652	0.2823577	0.340589	0.2473286	0.2132962	0.2219264	0.2834225	0.2860972	0.4395193	0.3503186	0.353906	0.3843512	0.3215646	0.3695767	0.384727	0.181001	0.2213518	0.2326148	0.1889665	0.2362969	0.1898191
G61	0.0072846	0.1057026	0.1194491	0.1077538	0.1267717	0.1294512	0.149323	0.2203717	0.1832417	0.2749218	0.2459525	0.198605	0.233678	0.0919074	0.0303348	0.0307824	0.0082859	0.0094371	0.0099091	0.0261109	0.0051776
G62	0.2609042	0.0744029	0.0424946	0.0111043	0.0126379	0.0055216	0.005819	0.0019178	0.0065707	0.0062245	0.0083087	0.1694659	0.192012	0.2061729	0.1514817	0.2506181	0.3070436	0.1787692	0.2336883	0.3073657	0.2121533
G63	0.5376051	0.5583314	0.6569076	0.5796304	0.4703038	0.4206731	0.2156874	0.2435257	0.2186302	0.1331904	0.148162	0.0909662	0.1507059	0.4134235	0.5009491	0.5496246	0.513769	0.6008793	0.6109953	0.6850498	0.6838632
G64	0.3393606	0.4121375	0.3698743	0.2970115	0.2592916	0.2051747	0.1637166	0.1468252	0.1284437	0.1547436	0.1598088	0.1542839	0.1522348	0.2204779	0.3643071	0.4496534	0.3757838	0.2835548	0.3183876	0.4128703	0.4449334
G65	0.374996	0.4356454	0.4607156	0.4577834	0.3821608	0.5410339	0.5764901	0.6087688	0.5909821	0.5717139	0.6329267	0.532856	0.562089	0.5228491	0.5987391	0.4797704	0.5329581	0.4167254	0.4858142	0.3886667	0.5227609
G66	0.4407544	0.3051582	0.2573605	0.2878729	0.3298478	0.1900322	0.1381664	0.2075361	0.1988394	0.1713666	0.167743	0.2033291	0.1792188	0.2958277	0.2783236	0.2906373	0.3370675	0.4179027	0.369354	0.3175927	0.3427557
G67	0.3933023	0.2902154	0.362413	0.292511	0.4232636	0.3971861	0.3022762	0.252949	0.2908645	0.3027886	0.3194531	0.4117784	0.3109352	0.3476952	0.4082264	0.3321661	0.3378011	0.4113407	0.3668888	0.3986153	0.3651523
G68	0.4108302	0.4613279	0.3685942	0.4461268	0.3064696	0.4366772	0.4617962	0.5026099	0.4386279	0.38376	0.4383933	0.4200162	0.3914671	0.5191972	0.4292963	0.4763256	0.3254649	0.4776923	0.4131441	0.4531613	0.4798364
G69	0.4469975	0.3822361	0.4295054	0.4640565	0.4766507	0.4150579	0.4244056	0.4273371	0.4245478	0.3944313	0.3467461	0.2810394	0.3418647	0.4257885	0.354098	0.4457963	0.4028402	0.5017307	0.4513422	0.4973423	0.4652505
G70	0.0078694	0.0053173	0.0006047	0	0.0000278	0.0000256	0.0000486	0.0000113	0.0007475	0.0000785	0.0001695	0.0161814	0.0154539	0.0061378	0.0190835	0.0308371	0.0287055	0.0285198	0.0113635	0.0246322	0.0163674
G71	0.1476101	0.1482072	0.1699324	0.1415534	0.1407309	0.1505924	0.1124748	0.2331199	0.2257662	0.1978825	0.2289597	0.3859166	0.2566654	0.1797464	0.1652062	0.1488668	0.2104192	0.1680226	0.1228753	0.1788513	0.212158
G72	0.024609	0.0211137	0.0380111	0.02256	0.0168352	0.0382008	0.0310367	0.0117726	0.0313284	0.0302947	0.1193027	0.1011949	0.0238353	0.0344353	0.0272	0.0221097	0.0079477	0.0329816	0.0261851	0.0137318	0.0145175
G73	0.0378666	0.0398521	0.0372075	0.046067	0.0498138	0.0489701	0.0438379	0.0669886	0.0508265	0.030306	0.0900766	0.1006082	0.1055782	0.0330079	0.0479299	0.0512724	0.0426525	0.0278553	0.0157474	0.0562036	0.0469012
G74	0.0528929	0.0167253	0.0052913	0.0175494	0.0030838	0.0746455	0.0114543	0.0092286	0.0156133	0.0178484	0.0333749	0.3152829	0.3070058	0.2389236	0.1195877	0.057294	0.0707034	0.0701715	0.0381886	0.0751619	0.0632795
G75	0.2953585	0.2859031	0.312703	0.3076847	0.2698232	0.3057109	0.1589533	0.1204268	0.0855541	0.0898638	0.0897837	0.2001239	0.2347541	0.0839573	0.0770552	0.2981217	0.4181598	0.3397036	0.2691901	0.4164599	0.3356758
G76	0.5832685	0.5575251	0.6158795	0.6929256	0.662746	0.591292	0.6895337	0.6329833	0.6727798	0.6610272	0.6184858	0.6356344	0.5771607	0.6303051	0.5865487	0.5268621	0.7501004	0.5248234	0.7533454	0.5823092	0.6743144
G77	0.0285135	0.0177389	0.0234385	0.0066663	0.0242677	0.0152949	0.0175105	0.0125111	0.025974	0.0121531	0.060798	0.0285846	0.0317836	0.0457666	0.02333	0.0324458	0.0121639	0.0138701	0.0101943	0.0141713	0.0569959
G78	0.1176299	0.0899549	0.1023563	0.1001117	0.0879812	0.1105821	0.1632298	0.2106938	0.2277112	0.3239409	0.3189898	0.3331491	0.4760171	0.2472519	0.2748364	0.1208783	0.0888886	0.0836637	0.0697869	0.1350472	0.0905682
G79	0.2393968	0.2022534	0.1070314	0.1450186	0.1402354	0.1682136	0.2204943	0.445601	0.4209167	0.5053254	0.7023944	0.5482102	0.6576869	0.5394042	0.3269657	0.2059241	0.1103231	0.1433198	0.106577	0.1204692	0.1515603
G80	0.0157154	0.0036936	0.0046667	0.0005091	0.0004802	0.0029837	0.003671	0.0098832	0.0146451	0.0594151	0.0895227	0.3765371	0.4819736	0.1276515	0.0383607	0.0216489	0.0294213	0.0191237	0.024927	0.0305147	0.0332178
G81	0.4525902	0.4314976	0.3321397	0.3182372	0.3878925	0.3133749	0.3433434	0.3953792	0.3369086	0.4621795	0.4097411	0.3484169	0.3853738	0.3340247	0.2963626	0.3140993	0.2955729	0.3429852	0.3349085	0.3021995	0.3603886
G82	0.111369	0.0546742	0.0569551	0.1129167	0.0869291	0.0878543	0.1144888	0.0693515	0.0911066	0.071349	0.0441538	0.1160956	0.122622	0.1128697	0.079063	0.1000182	0.1375188	0.1108372	0.1186603	0.1483347	0.1674224
G83	0.6641228	0.6180786	0.6513239	0.5161669	0.6632816	0.5205436	0.7957156	0.6317702	0.5878015	0.6471972	0.6179575	0.5557475	0.6585713	0.8111744	0.5105573	0.6056867	0.6842761	0.6149657	0.6524313	0.5691659	0.7977475
G84	0.1694376	0.1371218	0.1475179	0.139263	0.1454438	0.1367788	0.1537075	0.1619169	0.1615934	0.1582039	0.1369512	0.1442114	0.155774	0.1658802	0.1404792	0.1970784	0.1822164	0.1625327	0.1317965	0.1378931	0.2097578
G85	0.479996	0.5873412	0.5385406	0.5763979	0.5065819	0.6427235	0.5124675	0.5374035	0.6697901	0.612101	0.5359913	0.4480266	0.7261164	0.5769498	0.5603039	0.509605	0.5288018	0.5440997	0.5162613	0.6243695	0.5496619
G86	0.1576775	0.1600251	0.1914087	0.2193026	0.2225607	0.1633205	0.202133	0.1859533	0.2386957	0.1887713	0.1558184	0.2886079	0.1691726	0.1869348	0.2316722	0.1987092	0.1570043	0.1505753	0.1671535	0.1367641	0.2239004
G87	0.1695758	0.1012268	0.1066768	0.1219657	0.1374754	0.1657787	0.1663589	0.1111142	0.1597493	0.1438646	0.0836127	0.1396831	0.1654864	0.1107081	0.1154529	0.0914763	0.1567894	0.1500901	0.1450154	0.1194367	0.0916077
G88	0.0347288	0.0643019	0.0542649	0.0880684	0.0854571	0.1257822	0.0694998	0.0935761	0.0502129	0.0503258	0.0154876	0.0447784	0.0762661	0.0800568	0.1223363	0.0463461	0.0697096	0.0813933	0.1010044	0.0830684	0.070781
G89	0.0339109	0.3016501	0.5681992	0.5511454	0.5348069	0.5949982	0.5681663	0.618939	0.5461744	0.6017145	0.6120962	0.2885719	0.1358468	0.0737816	0.0947119	0.0539465	0.048813	0.0693536	0.0322367	0.0397257	0.0261153
G90	0.6620268	0.6436994	0.5613932	0.5892409	0.6449609	0.6309168	0.6057059	0.5587409	0.5774698	0.5134307	0.6356505	0.6756837	0.7027867	0.5649765	0.7016729	0.6611493	0.7434383	0.7337862	0.6416732	0.6203757	0.5532783
G91	0.6600346	0.4218494	0.2449581	0.2805143	0.2625434	0.2477221	0.2792004	0.2346763	0.201373	0.254461	0.2753034	0.4604099	0.5232553	0.6993117	0.6052713	0.6307181	0.7443708	0.6910801	0.6057734	0.7389477	0.5887778
G92	0.367027	0.3656296	0.3670682	0.3463444	0.3434887	0.2846059	0.2340204	0.161506	0.1842738	0.2766512	0.1474547	0.2190856	0.2916234	0.3621586	0.4113814	0.4378595	0.3488625	0.5131772	0.4090203	0.4072996	0.4235171
G93	0.6297705	0.5495433	0.5888333	0.6203848	0.5325394	0.5724104	0.6681225	0.6079766	0.644095	0.6291805	0.5430378	0.6173621	0.7346508	0.6529696	0.6731146	0.6136603	0.6099275	0.5722615	0.5754544	0.6259232	0.5907968
G94	0.4193129	0.3999075	0.4414524	0.2947087	0.4292629	0.4610605	0.3163454	0.309485	0.2220289	0.1437906	0.1550583	0.1281088	0.1899859	0.1739087	0.301443	0.4457326	0.3868212	0.4432146	0.4078052	0.4167236	0.3343804
G95	0.4002982	0.4329797	0.3295891	0.4169761	0.4805904	0.3689513	0.3657475	0.3121546	0.4218939	0.2684938	0.4139114	0.4069879	0.3819928	0.3267194	0.4306699	0.4409336	0.5392829	0.4306635	0.442715	0.3605385	0.3617542
G96	0.5641457	0.6649215	0.7208468	0.6315722	0.6283409	0.6471603	0.6037251	0.5875368	0.6300255	0.5998529	0.6742948	0.5674717	0.5021721	0.6747839	0.5769479	0.6327541	0.5323647	0.641629	0.5598495	0.708148	0.6769565
G97	0.2604316	0.300782	0.2667642	0.2172568	0.2880313	0.2451114	0.3030419	0.2541816	0.2522443	0.2305453	0.3565184	0.2868485	0.2409045	0.3048281	0.2312495	0.2395145	0.2435767	0.2208383	0.2339756	0.2169883	0.24172
G98	0.5983825	0.537114	0.6540382	0.6433944	0.5547419	0.6014401	0.6511773	0.6386758	0.57701	0.5053853	0.5668974	0.6718757	0.5985286	0.6414847	0.6840766	0.477286	0.5294813	0.6282265	0.7117107	0.6996962	0.5967796
G99	0.4825461	0.5199217	0.6464648	0.5445659	0.5879158	0.5252371	0.6333495	0.5534769	0.4719564	0.4780124	0.6393469	0.5894653	0.5473529	0.567223	0.506608	0.5482681	0.5046996	0.7068125	0.5013443	0.5021918	0.6185708
G100	0.6608136	0.4935097	0.6384161	0.8111112	0.7801465	0.5980843	0.5785241	0.6629961	0.5196896	0.6562899	0.6434621	0.5948172	0.6788568	0.6192893	0.6279367	0.5718185	0.6847435	0.6640955	0.5769924	0.6244002	0.5019252
