ID	0	50	100	150	200	250	300	350	400	450	500	550	600	650	700	750	800	850	900	950	1000
G1	0.1193693	0.1611382	0.1901328	0.2040306	0.3422363	0.419647	0.5766665	0.4878475	0.4767987	0.4749434	0.5663702	0.4981462	0.5153653	0.2527385	0.207771	0.2164742	0.2159298	0.1740639	0.1586338	0.124146	0.0775305
G2	0.2584332	0.2366915	0.1747534	0.1412284	0.1137356	0.1200838	0.1694585	0.1709106	0.1868062	0.2182252	0.3260531	0.2273162	0.2104764	0.2783628	0.3322406	0.3160706	0.2424498	0.2436405	0.2501878	0.22225	0.2847954
G3	0.5641183	0.4809023	0.480566	0.469305	0.524382	0.5172016	0.5707158	0.470264	0.5326608	0.5053485	0.5974077	0.5261479	0.6777891	0.573119	0.5023258	0.4024692	0.6240903	0.5797179	0.4790666	0.4609231	0.4663153
G4	0.3153447	0.2796976	0.219523	0.2332264	0.2439809	0.2285302	0.3106029	0.3161084	0.2890659	0.3514791	0.2713703	0.3643827	0.4310097	0.6543791	0.5272484	0.4741262	0.3241115	0.4717314	0.334624	0.3941116	0.2903735
G5	0.4879765	0.4446428	0.3254591	0.2645331	0.2958909	0.2776527	0.2118163	0.2841176	0.2340012	0.242227	0.3794245	0.4929293	0.6612278	0.6177031	0.6272759	0.5683606	0.5662974	0.6087672	0.6295972	0.6427523	0.6162869
G6	0.0444029	0.0355814	0.0472536	0.0761759	0.1012681	0.0572431	0.0987302	0.1283421	0.1754784	0.1016776	0.0992814	0.0995629	0.0536183	0.0573088	0.0402745	0.0572393	0.0533573	0.0474205	0.0414274	0.02083	0.0273996
G7	0.7434224	0.5955161	0.4774564	0.6458293	0.585683	0.6751854	0.7936758	0.6118915	0.5058076	0.7244206	0.6232816	0.5805589	0.538614	0.5452584	0.641004	0.622109	0.7619746	0.5672976	0.8088862	0.6594887	0.6025096
G8	0.4294178	0.2606359	0.1809115	0.1313415	0.162163	0.2250326	0.171603	0.1321981	0.1720835	0.1325283	0.1723312	0.3583281	0.4351398	0.3937101	0.4276341	0.3745094	0.5337993	0.4964516	0.4400832	0.3487613	0.4387891
G9	0.0163506	0.0297381	0.0203579	0.0157746	0.005993	0.0103887	0.0049878	0.0089752	0.0015908	0.00186	0.0036793	0.0110297	0.0093472	0.0076107	0.0233446	0.0111253	0.0086218	0.0045769	0.0236095	0.0062	0.0076634
G10	0.4397234	0.3724103	0.6138497	0.3359974	0.4238134	0.313164	0.3869356	0.459075	0.4349977	0.5103418	0.5114764	0.369154	0.4303553	0.3908939	0.431257	0.4382427	0.3479227	0.4174111	0.5316592	0.5347228	0.4525884
G11	0.0121367	0.0179439	0.033018	0.0423921	0.0399981	0.0534652	0.0761151	0.0577234	0.1167114	0.1296025	0.0881203	0.1419205	0.081084	0.0415816	0.0283544	0.0215375	0.0408876	0.0059213	0.0293201	0.0301296	0.0183262
G12	0.2853763	0.3421988	0.3897225	0.4242364	0.4302668	0.4871746	0.6003785	0.5041906	0.4742648	0.6321443	0.6061114	0.5635891	0.4423659	0.4186236	0.3953686	0.4289932	0.4374608	0.2857456	0.3919453	0.3849061	0.3888269
G13	0.0380651	0.0298503	0.0251588	0.0337293	0.0272246	0.0310613	0.0359775	0.0381507	0.089479	0.038848	0.0464015	0.0314914	0.059743	0.0235947	0.0243789	0.0636684	0.0317679	0.0548901	0.0432522	0.0361577	0.0265328
G14	0.0097068	0.0158697	0.0222939	0.0528849	0.0410519	0.0567638	0.1021203	0.0823051	0.0771086	0.0704834	0.1233554	0.0823784	0.0810167	0.044813	0.0385684	0.027427	0.0251436	0.0097516	0.0256174	0.0125164	0.0549186
G15	0.0013486	0.0048832	0.0312643	0.0453556	0.0893279	0.1409622	0.2503042	0.2694267	0.2880662	0.1945232	0.1933846	0.1541161	0.0779628	0.0574263	0.0261533	0.0105925	0.0105718	0.0087026	0.0147254	0.0098408	0.0163598
G16	0.1225907	0.1483039	0.2083123	0.1485688	0.2542577	0.2818611	0.2329827	0.2668883	0.3227292	0.3171719	0.3061656	0.2637613	0.2060511	0.1226638	0.176739	0.0984984	0.1364459	0.0823819	0.1234461	0.0957364	0.1495179
G17	0.3166022	0.3927439	0.4575306	0.5187039	0.6823885	0.5205984	0.4879143	0.5575952	0.5701302	0.5505922	0.4442741	0.6139676	0.5572904	0.3659068	0.4320512	0.3624294	0.3243901	0.3752502	0.437217	0.3649455	0.3376172
G18	0.3963996	0.4216562	0.536019	0.4982805	0.5983496	0.5049877	0.5307091	0.5338204	0.4602051	0.5482965	0.5704812	0.5422712	0.5539429	0.5621046	0.4550229	0.4357011	0.4907894	0.5212689	0.3842745	0.33299	0.4180896
G19	0.0601946	0.0858446	0.0785022	0.0494117	0.0651493	0.0429819	0.0525827	0.0395372	0.071673	0.0753396	0.0631134	0.0571809	0.0587824	0.0621419	0.0516024	0.0647558	0.0605528	0.0882816	0.058595	0.0613749	0.0343493
G20	0.0006793	0.0090753	0.0092909	0.0170824	0.007949	0.0099226	0.0362906	0.0126017	0.0339064	0.0272661	0.072407	0.0148376	0.0065698	0.005432	0.000782	0.0014713	0.0059067	0	0.0023206	0.0017607	0.0101478
G21	0.0264451	0.4068589	0.5709665	0.5216894	0.5450271	0.5917144	0.5864833	0.6226113	0.582182	0.6487944	0.5449447	0.263427	0.0506674	0.058581	0.044103	0.0457601	0.0542923	0.0422517	0.0454128	0.0332745	0.0506175
G22	0.1442111	0.1511025	0.1809581	0.1581231	0.188521	0.1644826	0.1403892	0.1849494	0.145738	0.1274716	0.112284	0.0841205	0.1638091	0.126792	0.2278984	0.2109203	0.1424696	0.2013897	0.1224792	0.135625	0.1347617
G23	0.0782678	0.0994466	0.0824338	0.0615473	0.0991253	0.0732697	0.1114872	0.1926526	0.276219	0.3264948	0.3228719	0.3070507	0.3857176	0.3793337	0.305997	0.2667361	0.2253978	0.165671	0.1368318	0.204592	0.1800769
G24	0.1551999	0.0829316	0.0582731	0.0088767	0.0144295	0.0126471	0.0039697	0.0362695	0.0468608	0.1811219	0.1708784	0.3930472	0.4947446	0.5138205	0.3631251	0.4176177	0.3702823	0.2288964	0.2055336	0.1266403	0.1125626
G25	0.1274571	0.1321576	0.1122673	0.0947887	0.0394499	0.0627551	0.1574156	0.1223472	0.0874689	0.1328618	0.1769376	0.2260593	0.1263036	0.0933868	0.0943687	0.1451017	0.1142131	0.1113317	0.1392382	0.1464126	0.1317149
G26	0.6490405	0.4753486	0.5566317	0.5554048	0.5668179	0.5963573	0.5247474	0.4428747	0.4815215	0.5460449	0.5488738	0.6219932	0.6166161	0.6609589	0.6632166	0.6008049	0.5975422	0.6576135	0.6073694	0.6828625	0.590337
G27	0.56873	0.5348556	0.3753751	0.3489992	0.3753037	0.3943648	0.4984643	0.3918124	0.4369813	0.3683175	0.4635208	0.4810589	0.4561229	0.4950713	0.5716606	0.4287503	0.3839949	0.410282	0.4971511	0.4738581	0.5415677
G28	0.3265825	0.4005832	0.3701551	0.2878696	0.3712673	0.4156615	0.3409092	0.3078789	0.3380744	0.2733179	0.243325	0.2632917	0.2594434	0.3081435	0.283716	0.2970634	0.2353385	0.2882405	0.3118579	0.3318058	0.3814498
G29	0.2016728	0.1990713	0.161776	0.2050361	0.1663833	0.2388819	0.3247933	0.3692156	0.5183414	0.5654423	0.4822313	0.477703	0.2704833	0.2784712	0.1939532	0.2296901	0.1797466	0.2269678	0.1609185	0.1866667	0.2095813
G30	0.4367562	0.5724763	0.5010507	0.6505175	0.6035493	0.7670324	0.6455959	0.6525351	0.5519176	0.5976015	0.6289513	0.4579202	0.4944152	0.459714	0.4762832	0.4423033	0.4291225	0.5235856	0.3526989	0.3343087	0.4709151
G31	0.2320393	0.173053	0.2456574	0.1851087	0.1250319	0.178539	0.1718059	0.1638965	0.1834176	0.1843613	0.1599027	0.1916898	0.1867235	0.195938	0.2259071	0.2052159	0.174051	0.1736766	0.1786098	0.2418599	0.2506831
G32	0.0236781	0.0107947	0.007975	0.0055471	0.0085946	0.0176378	0.0103053	0.0079722	0.0173425	0.0210898	0.0295301	0.0120535	0.0139832	0.0055938	0.0206367	0.0262248	0.0075509	0.0146416	0.0100558	0.0169314	0.0169648
G33	0.1746886	0.1936274	0.160033	0.2160292	0.245729	0.2061643	0.196341	0.2187183	0.2045858	0.1998726	0.2578814	0.2382953	0.2075947	0.1772352	0.1865709	0.2443814	0.1845003	0.2161252	0.1750157	0.2064743	0.1701941
G34	0.1235847	0.0912097	0.0979151	0.119662	0.1223385	0.0916731	0.0775023	0.0752433	0.1010313	0.0823233	0.0925324	0.1310716	0.1411651	0.1141304	0.1561911	0.087618	0.1652179	0.0897139	0.1395599	0.0988495	0.0659526
G35	0.5530207	0.555971	0.6849215	0.6471784	0.5019998	0.6389225	0.5130456	0.6472544	0.5447025	0.7005258	0.6029767	0.557229	0.651983	0.5643522	0.552281	0.7270639	0.6763128	0.7279392	0.6029471	0.5688287	0.5808546
G36	0.5912592	0.1558773	0.0790492	0.0352762	0.0392823	0.0385315	0.0480996	0.031938	0.0289595	0.049568	0.0295471	0.687722	0.5095089	0.5138235	0.6553726	0.5698198	0.6409075	0.6112038	0.619019	0.747682	0.6792009
G37	0.5721903	0.5670984	0.601106	0.5123952	0.4973305	0.2939999	0.1417135	0.1770758	0.1379189	0.0834286	0.0873578	0.3095624	0.5702397	0.5926337	0.6093173	0.6004519	0.6753631	0.4971147	0.6332081	0.7157257	0.7537548
G38	0.1068269	0.0938039	0.0832447	0.0865282	0.0980472	0.1164743	0.0829295	0.0980214	0.1440562	0.0879297	0.1238001	0.1155538	0.0897499	0.1207328	0.0807928	0.1359885	0.1178349	0.1342992	0.0712777	0.0738441	0.0692341
G39	0.0508226	0.0397652	0.0659846	0.0592448	0.0389881	0.0489815	0.059347	0.07379	0.0353092	0.074298	0.0668746	0.0530295	0.0613236	0.0768872	0.0336258	0.0541662	0.0513272	0.0569548	0.0443104	0.0797866	0.0773441
G40	0.6799271	0.6744544	0.6676363	0.5279036	0.6365111	0.6582621	0.6778482	0.6372764	0.5972833	0.7077419	0.6481358	0.5850883	0.6331746	0.6813271	0.5899201	0.6750007	0.520119	0.6253146	0.5974724	0.5804156	0.567337
G41	0.0338499	0.0704573	0.0416458	0.0633778	0.0587074	0.0481698	0.0294583	0.0601591	0.0452987	0.0885581	0.0635468	0.0651391	0.0257855	0.0463415	0.0527352	0.0363959	0.0474275	0.0465572	0.0398467	0.0332527	0.0417816
G42	0.6660832	0.2689334	0.1986655	0.2159727	0.2119039	0.1681607	0.1964155	0.1362051	0.1063735	0.2011908	0.1823489	0.4520955	0.5194589	0.5269789	0.6102806	0.5041202	0.5688632	0.6759662	0.5781937	0.6317413	0.6018397
G43	0.6996639	0.5682505	0.6314381	0.6062661	0.5137749	0.6487741	0.6733385	0.660732	0.6587473	0.6679868	0.6289727	0.6772281	0.6385627	0.676608	0.6995155	0.6654398	0.5454242	0.6395237	0.698255	0.5437603	0.6138143
G44	0.5870385	0.5578355	0.4665206	0.453998	0.4164578	0.4476985	0.5075291	0.4618404	0.4625941	0.4180239	0.4409625	0.5082944	0.5116915	0.5289568	0.479115	0.4498043	0.4605942	0.6299522	0.5296742	0.6848752	0.4085554
G45	0.6080502	0.5433677	0.6571352	0.5942858	0.6192412	0.6039063	0.5181954	0.5619429	0.6350113	0.6064649	0.6704171	0.6803254	0.5925198	0.6027339	0.5396728	0.6830151	0.5739085	0.671177	0.6082143	0.5724366	0.6364181
G46	0.6939094	0.5683379	0.644415	0.72876	0.6694585	0.6296458	0.6155474	0.5665726	0.5640641	0.6604736	0.5646541	0.6431995	0.640119	0.6883151	0.5379855	0.6814096	0.701502	0.6472578	0.5945613	0.6495688	0.5548495
G47	0.6252594	0.5463598	0.6365766	0.5255598	0.6196097	0.5330457	0.513527	0.6019651	0.6067032	0.5609177	0.6325527	0.4692945	0.5157353	0.5924251	0.5831931	0.640162	0.6100213	0.5674932	0.5147304	0.5833871	0.5471074
G48	0.5071399	0.4839133	0.5595643	0.5492064	0.5790713	0.5781664	0.5322067	0.5296643	0.4473187	0.3736204	0.3396622	0.3997345	0.4806855	0.449377	0.4476113	0.5199409	0.4859028	0.5646958	0.4710476	0.5549259	0.6385972
G49	0.433553	0.3542838	0.3601923	0.3809039	0.4308032	0.3915095	0.3457259	0.4636174	0.3467818	0.3548882	0.4822659	0.4868288	0.5057157	0.3715606	0.4170075	0.4364564	0.411603	0.4079079	0.383257	0.483288	0.3915969
G50	0.1387395	0.1559959	0.1560408	0.1518723	0.190852	0.2612689	0.2409362	0.2680777	0.2077701	0.1783356	0.2075291	0.1594645	0.1568027	0.1364459	0.1511383	0.1222495	0.1570908	0.1596058	0.1558089	0.139106	0.1988168
G51	0.5617574	0.4715011	0.5749791	0.4889381	0.6269185	0.554731	0.6387981	0.5327979	0.6419464	0.5659769	0.6721947	0.6292813	0.5948534	0.4995901	0.6233114	0.6313854	0.6220785	0.6663359	0.5427967	0.6194269	0.5716363
G52	0.6628862	0.5926794	0.6215182	0.6647156	0.6209072	0.5457755	0.5366409	0.6080173	0.5647572	0.5976319	0.6894556	0.595863	0.6406349	0.5873205	0.5653705	0.5377383	0.5336349	0.724826	0.6045738	0.5395325	0.6597564
G53	0.3531265	0.523729	0.5563236	0.6478857	0.592579	0.4556115	0.5094994	0.6226691	0.6351684	0.5121733	0.5794048	0.5922849	0.3929072	0.3954836	0.3620439	0.3464053	0.3888693	0.4254325	0.4277625	0.4102619	0.4050452
G54	0.2681757	0.1489379	0.1019137	0.0923318	0.0705745	0.0765278	0.0754015	0.0628725	0.111219	0.1349783	0.076213	0.1809732	0.2423657	0.2010574	0.2718753	0.3082863	0.2250816	0.2777488	0.2626567	0.2325353	0.2100223
G55	0.4307777	0.5275542	0.4383264	0.5001885	0.4732078	0.4343475	0.5312143	0.4641231	0.4004234	0.4719886	0.5023766	0.6218436	0.6662847	0.5835107	0.4820954	0.4889346	0.3997216	0.4282021	0.5443541	0.5197236	0.4602455
G56	0.3395225	0.331912	0.2912806	0.3665011	0.3451438	0.2765708	0.2456701	0.2569389	0.3414406	0.3226125	0.2529738	0.3317005	0.323852	0.3942986	0.357074	0.3130477	0.2286573	0.3082895	0.2814081	0.2213013	0.2419235
G57	0.3117366	0.2979958	0.2704715	0.2602242	0.25439	0.3132006	0.280568	0.224396	0.2648172	0.2628518	0.2381073	0.1833278	0.2757672	0.2327485	0.2008101	0.3266335	0.3080891	0.2057843	0.2990683	0.2229606	0.1728923
G58	0.2697129	0.2379122	0.2543205	0.1729724	0.2851255	0.2070812	0.2804817	0.2275624	0.1477057	0.2010753	0.2440071	0.2710287	0.1686642	0.2367876	0.264926	0.2210164	0.1770443	0.2740273	0.2944089	0.2216954	0.2497494
G59	0.0631645	0.0727493	0.0872116	0.0573552	0.0916984	0.1113736	0.134539	0.1403144	0.1612279	0.1763302	0.1925348	0.2193812	0.1311252	0.1283484	0.1147398	0.0720881	0.0479421	0.0847631	0.0557487	0.1001497	0.0846136
G60	0.2228002	0.1170951	0.0811997	0.0980236	0.1140727	0.1224484	0.1156653	0.1405777	0.1946297	0.1175857	0.1300502	0.3384194	0.3204496	0.2904913	0.3384907	0.2290525	0.2456056	0.2311459	0.2357988	0.2669385	0.2425031
G61	0.0348294	0.0312389	0.0177088	0.0310989	0.0269578	0.0946987	0.1091661	0.1508341	0.0983708	0.1777267	0.2220129	0.1608637	0.1501519	0.0539541	0.0441225	0.033562	0.017161	0.0228364	0.0263796	0.0108767	0.0238374
G62	0.2741267	0.1783445	0.0380392	0.0305032	0.0343674	0.0292865	0.060101	0.0378226	0.071203	0.0575211	0.0400458	0.4358452	0.4701458	0.3871441	0.2463148	0.4121441	0.2584429	0.2808541	0.2236978	0.2580538	0.3340029
G63	0.5841233	0.5435556	0.6119758	0.632015	0.7172085	0.6874732	0.6160951	0.6640888	0.6550624	0.5558806	0.7343292	0.6667284	0.6211446	0.7614029	0.5697422	0.503687	0.5821558	0.6674721	0.5309248	0.5313903	0.639714
G64	0.4157725	0.3816797	0.4455546	0.3483921	0.5366574	0.4324067	0.4420847	0.5533372	0.4126532	0.4604432	0.4249637	0.5082114	0.4697269	0.5391302	0.4576157	0.4503951	0.4791024	0.4883066	0.4703023	0.6340787	0.4954152
G65	0.4555051	0.3198775	0.2476262	0.328267	0.3214132	0.2963303	0.3300345	0.2320301	0.2678535	0.2189477	0.2685282	0.4296463	0.4693193	0.409208	0.380158	0.3097734	0.3993634	0.5005194	0.4601841	0.4734222	0.4930406
G66	0.3847065	0.2614824	0.2296644	0.2550085	0.3142553	0.2661525	0.1946831	0.2389413	0.1463123	0.1727141	0.1704248	0.3586573	0.4380445	0.395555	0.4792929	0.4354449	0.3244947	0.2757871	0.3800171	0.2807216	0.3444749
G67	0.402086	0.2571212	0.3523524	0.3232683	0.3104864	0.2977533	0.4210712	0.3635017	0.2989976	0.3174978	0.4383575	0.4555372	0.379116	0.4735953	0.3589263	0.3228818	0.3959858	0.3263482	0.3241453	0.3308254	0.3318872
G68	0.3495957	0.4401253	0.4711033	0.4067932	0.4510307	0.3219313	0.4555615	0.5009479	0.4545281	0.5613193	0.541422	0.6351525	0.5402696	0.5490239	0.4033521	0.4993499	0.4084445	0.4380457	0.4858245	0.3783145	0.5255743
G69	0.4851921	0.5116213	0.4911355	0.4651557	0.4752751	0.421057	0.3821483	0.4150159	0.2613938	0.1648102	0.1447387	0.1370066	0.267687	0.2746971	0.4257101	0.4349612	0.4524478	0.3874884	0.4011339	0.4147935	0.480419
G70	0.0286161	0.0066592	0.0005908	0.0009226	0	0.0002687	0	0.0001044	0.0005612	0.0025589	0	0.0145552	0.0156548	0.0065786	0.0066268	0.0181224	0.0043352	0.0095849	0.0255434	0.0357801	0.0073251
G71	0.1181318	0.0404163	0.0040751	0.0030521	0.0058933	0.0025626	0.0044148	0.065759	0.1032783	0.1416918	0.1226696	0.4617755	0.2812763	0.2521876	0.1665684	0.1973154	0.1225084	0.1994258	0.1885433	0.1629677	0.1560069
G72	0.0155735	0.0187904	0.0086323	0.0106503	0.0076696	0.020049	0.048316	0.103678	0.2625915	0.2605866	0.3829997	0.416595	0.1249281	0.0365873	0.0391838	0.0347645	0.0246038	0.0112783	0.0118497	0.0239983	0.0525372
G73	0.030236	0.0680754	0.0323936	0.0362602	0.0756758	0.0553404	0.0679094	0.155071	0.1856572	0.1503307	0.2660799	0.3264671	0.1103208	0.0538825	0.0430566	0.0360473	0.0569682	0.0416212	0.058151	0.0327946	0.0621815
G74	0.05176	0.1446153	0.0667239	0.0831718	0.1005785	0.1203262	0.3110084	0.4491517	0.5546184	0.6358986	0.5860116	0.6177187	0.4656715	0.2699393	0.2034102	0.1523587	0.1200253	0.1337835	0.0853885	0.0383726	0.0696109
G75	0.2634291	0.5178283	0.4265223	0.4964476	0.5122322	0.5244228	0.6234683	0.6632462	0.4910254	0.6116433	0.6334719	0.570788	0.445094	0.4772997	0.5016577	0.411964	0.3635616	0.3149315	0.3508432	0.368069	0.3742137
G76	0.6379058	0.4351119	0.4622203	0.3205396	0.3890691	0.3737319	0.3413804	0.3368177	0.2824291	0.3264217	0.2293975	0.2144042	0.222712	0.3879612	0.4976583	0.4826048	0.6842534	0.6984787	0.581395	0.6579881	0.6360861
G77	0.0201806	0.0120181	0.0033059	0.0079372	0.0075424	0.0167399	0.0265212	0.0257426	0.0675093	0.2569537	0.3200308	0.3640901	0.4063722	0.262188	0.1601368	0.0956669	0.0395043	0.0239923	0.016075	0.0305036	0.0203333
G78	0.0814087	0.132119	0.0828816	0.1567399	0.0919567	0.0774287	0.0944962	0.1598045	0.1087799	0.0934928	0.0622489	0.0812712	0.1023262	0.1117249	0.1050248	0.0404028	0.0528248	0.1255101	0.0747193	0.1073244	0.1005348
G79	0.2139955	0.1347655	0.1605406	0.167186	0.1298737	0.1907792	0.1797547	0.1283521	0.1376656	0.1875309	0.1281296	0.1398185	0.1524203	0.0984608	0.148729	0.1192597	0.1611065	0.1589271	0.1963754	0.1254399	0.1923076
G80	0.0120184	0.033598	0.0253047	0.032358	0.0257797	0.0223688	0.0117085	0.0314262	0.0843071	0.0408134	0.0341396	0.0271728	0.0302629	0.0287923	0.0439459	0.0078877	0.0114106	0.0237968	0.0477414	0.0484789	0.0371773
G81	0.4022647	0.3473406	0.2987995	0.3307866	0.1853437	0.1663289	0.0959211	0.1119815	0.1211829	0.1666908	0.180969	0.2236336	0.3144955	0.2847331	0.3862171	0.4027837	0.2997847	0.3335905	0.3596517	0.3665253	0.4170326
G82	0.073048	0.1216991	0.1511404	0.2838893	0.2184697	0.3856051	0.2149264	0.3293079	0.336519	0.2686185	0.2956676	0.1812666	0.164288	0.1291766	0.0885771	0.1322971	0.0880721	0.1593109	0.0980491	0.0949297	0.0983991
G83	0.5956945	0.6268854	0.6540512	0.6203023	0.5526818	0.6217455	0.7026612	0.6322269	0.6410645	0.6327496	0.5481002	0.5025011	0.5830355	0.6767903	0.4242478	0.5261306	0.5556102	0.7159516	0.6366936	0.6045937	0.6733186
G84	0.1673214	0.3460056	0.3780886	0.3501721	0.4069852	0.4461627	0.4498427	0.4110187	0.3528758	0.4154261	0.4322598	0.2916347	0.2511256	0.1738281	0.1441018	0.1496288	0.1524782	0.1441156	0.198967	0.1641104	0.2108099
G85	0.5879194	0.4594817	0.5501555	0.5439557	0.5869682	0.5053206	0.4974746	0.473154	0.4531667	0.551056	0.5479114	0.5648202	0.5312988	0.5752887	0.4946279	0.5468948	0.6117552	0.5839826	0.4788103	0.5986864	0.5617128
G86	0.1633329	0.0330397	0.0042256	0.0014817	0.0013596	0.0003646	0	0.0018729	0.0005519	0.0004784	0.0000536	0.1110335	0.1160881	0.1230288	0.2417667	0.1931796	0.1482433	0.1967215	0.1454145	0.1936233	0.160694
G87	0.131861	0.147578	0.1238844	0.1806637	0.1102169	0.1090066	0.1953822	0.2155033	0.1488132	0.1282339	0.1648936	0.104889	0.1912914	0.1318209	0.1680558	0.1270976	0.1292462	0.1346996	0.1417505	0.1875616	0.1204243
G88	0.0657304	0.0367148	0.1372891	0.0556913	0.0259025	0.0735053	0.0873334	0.0841976	0.0537554	0.0664924	0.1048624	0.1161873	0.0660466	0.0685782	0.0412926	0.1012721	0.0821448	0.0743937	0.0790875	0.0951063	0.0779957
G89	0.0338003	0.0399543	0.0361028	0.0135487	0.0267935	0.0234534	0.0456497	0.0505774	0.0614097	0.1796302	0.3564253	0.5041934	0.4801539	0.3355002	0.2325249	0.1353824	0.0675946	0.0399053	0.0663185	0.0402564	0.0294747
G90	0.7424124	0.603434	0.6898396	0.6493991	0.583446	0.5503286	0.5240741	0.5464335	0.5042373	0.5885861	0.6108505	0.5797823	0.6944213	0.5598303	0.586969	0.6187846	0.6154344	0.5681434	0.5785473	0.5058944	0.513392
G91	0.7620546	0.6097573	0.5543096	0.5732561	0.5556201	0.5174299	0.690237	0.5957697	0.6830584	0.6651959	0.6849385	0.5381018	0.6853696	0.6234844	0.5896439	0.5697625	0.5928798	0.5966058	0.6189029	0.6551068	0.7463112
G92	0.3802727	0.4766877	0.5253444	0.5012578	0.4619145	0.4912294	0.4812941	0.496443	0.536143	0.4944753	0.494208	0.5339251	0.4947452	0.5512908	0.4911907	0.3715257	0.4690496	0.3843034	0.368973	0.4191722	0.5307539
G93	0.6586912	0.657805	0.5320927	0.6289394	0.5054906	0.6680546	0.6094566	0.6074709	0.5757429	0.6036858	0.6022113	0.6675689	0.6305819	0.7579779	0.6758531	0.7455899	0.6537307	0.6358128	0.6666984	0.5691751	0.5310675
G94	0.5421107	0.4609682	0.432979	0.4350542	0.3346158	0.4185106	0.3764355	0.4660469	0.4313056	0.3715868	0.5373594	0.4798283	0.3956495	0.4333334	0.4284637	0.5248626	0.4704628	0.3346991	0.3734933	0.4121997	0.4849806
G95	0.4505538	0.3774718	0.3470866	0.5397607	0.3922398	0.4423995	0.550292	0.4369525	0.4252358	0.4946169	0.45825	0.3944601	0.5162187	0.506497	0.4011512	0.4784271	0.6062922	0.4448362	0.451404	0.5095699	0.5052063
G96	0.4962897	0.5783083	0.5719757	0.6487169	0.6358066	0.5415472	0.7517117	0.6862905	0.6373042	0.6656804	0.5633807	0.6777322	0.7643539	0.5216046	0.6044817	0.6323366	0.5670289	0.6087727	0.5495752	0.6798286	0.6338265
G97	0.2771983	0.2553266	0.1363203	0.157941	0.215603	0.2386249	0.2401238	0.232271	0.2784047	0.2227222	0.3167716	0.2929373	0.1784955	0.2373034	0.2903008	0.2225767	0.2237348	0.3209857	0.2796509	0.2089598	0.2487089
G98	0.6248528	0.1450599	0.1763146	0.1907897	0.2350741	0.1966848	0.2516457	0.1795136	0.1719269	0.1513922	0.1221546	0.5820031	0.6732299	0.6624632	0.6669404	0.6237377	0.6100763	0.6475538	0.5901964	0.5772607	0.5809332
G99	0.5895976	0.4358928	0.2250069	0.2046419	0.0632813	0.1130666	0.0528804	0.1040861	0.0617941	0.1035716	0.0792525	0.1777357	0.4475889	0.4594033	0.4859746	0.5910538	0.5250575	0.5358512	0.6402561	0.5145096	0.5782008
G100	0.609731	0.601222	0.5132916	0.6127752	0.5866843	0.6173696	0.5325871	0.691595	0.6500545	0.6703338	0.6123512	0.7038987	0.5769137	0.5966375	0.6155335	0.61049	0.6595272	0.6382638	0.5630895	0.658543	0.7016643
