ID	0	50	100	150	200	250	300	350	400	450	500	550	600	650	700	750	800	850	900	950	1000
G1	0.1674224	0.0323437	0.0328059	0.0205377	0.037651	0.039112	0.0331538	0.0548225	0.0465727	0.0424916	0.0451735	0.2604449	0.3930466	0.423832	0.165133	0.2656033	0.2127721	0.2239732	0.1442354	0.1134152	0.1096441
G2	0.2262455	0.1997043	0.1836863	0.1664336	0.2185025	0.2209534	0.2838103	0.1876453	0.188131	0.2491625	0.2571234	0.2438171	0.2360364	0.2704029	0.2233362	0.3003377	0.3091343	0.20469	0.200019	0.2184126	0.1355488
G3	0.5039625	0.5515249	0.6763789	0.6901549	0.6738968	0.707712	0.6170166	0.5933473	0.6845471	0.6316192	0.6280232	0.5350557	0.5495585	0.5745339	0.4924434	0.5730159	0.573603	0.5375796	0.4294622	0.5059694	0.5258231
G4	0.3131865	0.3163814	0.4169334	0.4637734	0.4353746	0.4683303	0.4265772	0.4908986	0.4623742	0.314875	0.4040678	0.3842219	0.5502006	0.4226627	0.458433	0.4110516	0.4206653	0.3967498	0.3366526	0.3014516	0.3847288
G5	0.5031848	0.6707382	0.5440781	0.60645	0.68518	0.6359679	0.6214218	0.6476187	0.5333191	0.6712607	0.6185785	0.5775987	0.6073978	0.6025198	0.5535989	0.6240214	0.60057	0.5433096	0.6969842	0.5694089	0.64566
G6	0.0711074	0.0562244	0.044992	0.0263302	0.0280266	0.0452769	0.0492072	0.0907066	0.0470575	0.0416541	0.0250828	0.0558095	0.0324485	0.056331	0.0316162	0.0374708	0.0386803	0.0547671	0.0315417	0.0630834	0.0262379
G7	0.6651286	0.6374993	0.5691486	0.7007162	0.6555591	0.6309471	0.594726	0.6770563	0.6311484	0.5625004	0.5748465	0.5913098	0.5812165	0.6826901	0.7951119	0.6803645	0.7052593	0.60565	0.5544669	0.6026742	0.6704535
G8	0.4800723	0.4481587	0.5493354	0.5937592	0.5479807	0.6300015	0.5400242	0.4899217	0.6270152	0.5529504	0.5498887	0.5498473	0.5232055	0.5058293	0.5843722	0.4344526	0.4344352	0.388918	0.3934269	0.4663119	0.3823454
G9	0.0054608	0.0061842	0.0360173	0.0124981	0.0286793	0.0175779	0.0243292	0.0445731	0.0314799	0.0353844	0.0154261	0.0138599	0.0148461	0.0118277	0.0121543	0.0121437	0.0115084	0.002447	0.0246731	0.0113949	0.0158637
G10	0.4575216	0.4112839	0.4285432	0.3726384	0.3863621	0.4535974	0.4475636	0.5215343	0.4976975	0.4323179	0.4305252	0.5026869	0.3681001	0.2495329	0.3627121	0.4530208	0.4187497	0.510567	0.4949252	0.5237263	0.4892024
G11	0.0307336	0.0360697	0.0171974	0.0156369	0.0111396	0.0057428	0.0077045	0.0083565	0.0037715	0.0190195	0.0111206	0.0057567	0.0431788	0.0057461	0.0068072	0.0239134	0.0259433	0.0083412	0.0104877	0.0223982	0.0187339
G12	0.2693446	0.34652	0.2807782	0.3385328	0.4148484	0.4034673	0.319843	0.2785978	0.2681579	0.4002011	0.3714399	0.4370989	0.3825077	0.3776169	0.3338503	0.3488353	0.3759932	0.2944658	0.3502087	0.3059208	0.3685118
G13	0.0815335	0.0263822	0.0329675	0.0459204	0.0349146	0.0271407	0.0084232	0.0311915	0.030944	0.0282649	0.0329943	0.0458931	0.0225639	0.0119634	0.0312344	0.0384636	0.023062	0.0318636	0.0274768	0.0158405	0.0131421
G14	0.0107544	0.0130937	0.017837	0.0228437	0.0170041	0.0223377	0.0115893	0.0104362	0.0263932	0.0258239	0.0246251	0.0138178	0.018069	0.0157271	0.038275	0.0264859	0.0306897	0.006965	0.0197522	0.0176929	0.0184254
G15	0.0092614	0.0206109	0.0074334	0.0152739	0.0070076	0.0187235	0.0078588	0.0069148	0.023636	0.0072542	0.0099833	0.0082041	0.0151363	0.0095733	0.0099394	0.0161928	0.0217594	0.0116517	0.0066751	0.0120414	0.0246405
G16	0.0719268	0.1041151	0.0581013	0.0474536	0.0230286	0.0135415	0.02642	0.0280725	0.0505178	0.0601409	0.0198886	0.0657489	0.0513648	0.072673	0.1248596	0.1145824	0.1156505	0.0666657	0.0449517	0.0973539	0.0900772
G17	0.4100945	0.3959433	0.3454146	0.3556315	0.3530403	0.4278924	0.3439222	0.3183444	0.2735855	0.2689569	0.3374351	0.3396516	0.3290221	0.3102104	0.3217869	0.3386038	0.3429231	0.2280387	0.3308886	0.3460188	0.332386
G18	0.5271568	0.51457	0.3477366	0.1788308	0.1045405	0.053328	0.0752785	0.0414988	0.0288893	0.0299866	0.0407992	0.2210792	0.3233999	0.4295679	0.6019242	0.4406915	0.4202455	0.480441	0.539148	0.4912798	0.4886081
G19	0.0316421	0.0609037	0.0591686	0.0682669	0.065961	0.0594865	0.0541426	0.0389517	0.0485126	0.0310451	0.015315	0.032916	0.0425966	0.0419945	0.0641253	0.0532192	0.0213452	0.0529699	0.0454261	0.0352807	0.0631023
G20	0.0041884	0.0032228	0.0001749	0	0.0000101	0.0008731	0.0003054	0.000082	0.0001796	0.0000512	0.0001363	0.0068371	0.0029935	0.0021167	0.0004621	0.0011441	0.0009738	0.0021703	0.0034084	0.0020112	0.0097513
G21	0.0252083	0.0321823	0.0325795	0.0374724	0.0283326	0.0302762	0.0369705	0.0361875	0.0564356	0.03504	0.0410392	0.0455677	0.0257991	0.0320433	0.0262258	0.0279495	0.0420807	0.0730681	0.0320255	0.0454131	0.0432382
G22	0.1749583	0.1846862	0.2712865	0.4368575	0.3811734	0.3746501	0.3782937	0.3403573	0.440619	0.4579181	0.5066075	0.3995842	0.296325	0.234358	0.1527277	0.147606	0.1363549	0.1461059	0.198367	0.1870203	0.1069543
G23	0.1476832	0.1194815	0.1063252	0.0998064	0.1573647	0.2285408	0.4390035	0.506464	0.5843115	0.6029992	0.6353574	0.5461844	0.4580968	0.4252061	0.279507	0.3336246	0.1873521	0.1635246	0.127601	0.0828179	0.1561643
G24	0.0765996	0.0957284	0.2336486	0.2945908	0.3117074	0.4824909	0.4951929	0.5364171	0.5782252	0.5766267	0.6552235	0.6310588	0.5410945	0.4498642	0.4083665	0.3305289	0.3674034	0.37228	0.264944	0.1360621	0.134665
G25	0.0871026	0.1096397	0.103876	0.1993758	0.1133081	0.1517753	0.210944	0.3375103	0.3463393	0.3321696	0.3211378	0.3014913	0.1652313	0.1647522	0.102243	0.0961408	0.0886353	0.1223512	0.1466654	0.0826901	0.1060329
G26	0.5460554	0.5643518	0.6213409	0.583894	0.5032023	0.4738769	0.5148012	0.4269074	0.5542361	0.6150328	0.5196115	0.6704616	0.6588787	0.522069	0.5491305	0.6016178	0.6668648	0.6650231	0.7398478	0.630206	0.7588149
G27	0.4680607	0.4347097	0.3861969	0.480427	0.3639758	0.3931914	0.3413453	0.346341	0.3880773	0.2875305	0.3839283	0.4017277	0.4172584	0.33166	0.3915142	0.3994454	0.3721593	0.4168831	0.4457559	0.4317378	0.4076871
G28	0.3029191	0.4261509	0.2700223	0.2976559	0.2431249	0.240112	0.2422728	0.2821678	0.2246776	0.2464894	0.2415499	0.3141925	0.2954383	0.2983127	0.3324749	0.3107602	0.3147894	0.3929892	0.3524516	0.3034196	0.2911566
G29	0.1997248	0.1523635	0.1978209	0.1693247	0.3150611	0.510701	0.5683746	0.6491144	0.5330567	0.6704654	0.6101268	0.6618811	0.4291291	0.2466704	0.2615713	0.1639579	0.2829872	0.1612328	0.242873	0.2080438	0.1371143
G30	0.6078943	0.5331724	0.4859849	0.5538407	0.3905184	0.3842398	0.4167974	0.3862244	0.4196237	0.4085103	0.4329635	0.3787227	0.3667989	0.3783323	0.4534562	0.4331597	0.3911934	0.352417	0.5117126	0.4988079	0.4010032
G31	0.2394375	0.2128566	0.2405001	0.2165786	0.2226633	0.229816	0.253573	0.2671254	0.3329853	0.2382232	0.2451386	0.2598726	0.2381777	0.1823875	0.22775	0.2262946	0.2518292	0.1798331	0.1459751	0.133567	0.2491572
G32	0.0163393	0.0099666	0.0093661	0.0042179	0.0023922	0.0002168	0.0029306	0.0005827	0.0003581	0.0011942	0.0008277	0.0094515	0.0136737	0.0228939	0.0346737	0.0257175	0.017048	0.009675	0.0116136	0.0062043	0.0155337
G33	0.2154448	0.2060426	0.1993798	0.2108977	0.1968765	0.2262564	0.2731583	0.2175411	0.2652794	0.2110513	0.1969601	0.2466408	0.2142394	0.2011638	0.2295938	0.200425	0.2043075	0.1763243	0.2198344	0.2599892	0.1896395
G34	0.117721	0.1142147	0.0994007	0.0891109	0.06457	0.0674651	0.0688106	0.1244958	0.107854	0.0540749	0.0596222	0.0977178	0.0853133	0.1309611	0.1371955	0.1025424	0.1508183	0.1053332	0.0990337	0.1009816	0.0850986
G35	0.5381804	0.7778632	0.6364597	0.6852974	0.7287657	0.5968374	0.5646053	0.6839035	0.6111495	0.6370217	0.571169	0.6049951	0.5999455	0.6460897	0.6608627	0.4982581	0.5836144	0.7708585	0.5346163	0.5920133	0.596613
G36	0.5971229	0.2380838	0.1215299	0.1823872	0.1401164	0.141627	0.1420873	0.1513422	0.1291203	0.2147484	0.1387251	0.601314	0.6048046	0.62165	0.5891533	0.6529182	0.7392584	0.6480149	0.5228077	0.5684972	0.4497712
G37	0.5633992	0.618856	0.4855736	0.2673102	0.0879378	0.0324052	0.0077126	0.0205636	0.0158583	0.0076842	0.0282964	0.2441583	0.5818044	0.6287929	0.6156031	0.7298771	0.5704029	0.6514866	0.8253394	0.6751607	0.6045419
G38	0.0994442	0.0987222	0.1174693	0.1119085	0.0830096	0.073461	0.0762187	0.183327	0.1005568	0.1134647	0.1280702	0.1215921	0.1108872	0.0756485	0.1168054	0.0629175	0.0750222	0.0791197	0.0578414	0.0608446	0.0757731
G39	0.0493399	0.112515	0.0475376	0.0909847	0.0616567	0.03587	0.0670911	0.0727326	0.0576646	0.0631248	0.0889073	0.0364514	0.0421371	0.0332944	0.1113459	0.0405535	0.0671344	0.0454395	0.0328863	0.0759459	0.0470703
G40	0.6362818	0.5302743	0.6273406	0.7673931	0.7734674	0.5780243	0.6979283	0.4632468	0.6151687	0.5486089	0.5054899	0.6250858	0.5431711	0.5977527	0.7738962	0.5296198	0.577471	0.5586146	0.7351646	0.6925024	0.7439955
G41	0.0465461	0.3300721	0.3521728	0.4075249	0.3414659	0.4241343	0.4239959	0.4469914	0.337595	0.3718322	0.4068536	0.0859146	0.040168	0.0418384	0.0212521	0.0326744	0.0369562	0.0360484	0.0442288	0.027091	0.04014
G42	0.6771883	0.4057641	0.2388902	0.2403837	0.2990543	0.2685822	0.2868663	0.2752685	0.2740324	0.3040289	0.246046	0.4732527	0.5633372	0.6827124	0.6063828	0.6540604	0.6011834	0.5409467	0.5876765	0.5763116	0.6613017
G43	0.5984708	0.6999235	0.6113862	0.5431232	0.6160219	0.5567057	0.7124592	0.7339759	0.6568945	0.6585466	0.5842215	0.6494413	0.5964779	0.6442362	0.7300792	0.6391997	0.5925141	0.6849808	0.7018334	0.6896468	0.6063942
G44	0.5963256	0.5360199	0.5735664	0.6526554	0.6278309	0.6615357	0.6569333	0.5018449	0.5883285	0.7038727	0.6249623	0.5646411	0.5029818	0.559064	0.4315871	0.4222469	0.4596717	0.5135459	0.4632135	0.5573539	0.4668748
G45	0.6932562	0.4352938	0.4998007	0.6665316	0.491174	0.6505003	0.6255429	0.6856835	0.6212035	0.6175209	0.5839557	0.6331463	0.5154215	0.6317722	0.5662215	0.6374268	0.5601367	0.6533814	0.6265917	0.5126743	0.6688152
G46	0.5805759	0.1611024	0.0537049	0.0756813	0.0698069	0.0427247	0.0554279	0.0658849	0.0600318	0.1099197	0.068936	0.4474295	0.54389	0.6064627	0.6466853	0.6376821	0.5836579	0.4863342	0.5306045	0.6550418	0.56885
G47	0.5832417	0.4939349	0.4210799	0.4155939	0.2376619	0.0931216	0.0783882	0.0427342	0.0559713	0.0383608	0.0171779	0.1934777	0.4359641	0.4529531	0.5499273	0.5684647	0.5189749	0.6257984	0.5233957	0.687887	0.6487347
G48	0.524624	0.5419134	0.4338534	0.3043689	0.2585344	0.1544526	0.0986264	0.0565694	0.0280154	0.0179079	0.0269822	0.082716	0.2134043	0.3935835	0.5295926	0.4705692	0.5862553	0.5054303	0.5229612	0.522145	0.4597483
G49	0.4695821	0.425589	0.1926944	0.2089273	0.2535714	0.217767	0.228496	0.2907044	0.1940031	0.1762293	0.1295128	0.1871785	0.2297169	0.2851693	0.3519597	0.4068765	0.3492173	0.3159569	0.4112528	0.3489918	0.4312617
G50	0.1565975	0.3477852	0.5847575	0.5261352	0.5218206	0.4748063	0.4315071	0.5768949	0.5645674	0.5694257	0.5518919	0.3292188	0.2764444	0.2028075	0.1842685	0.1554881	0.1534627	0.1565	0.1334401	0.1623056	0.1575423
G51	0.6269996	0.350024	0.2428904	0.1805251	0.1318497	0.1008364	0.0930161	0.1243684	0.1490898	0.1570094	0.1467362	0.3207699	0.4874071	0.5823646	0.5448944	0.6288889	0.5519872	0.5775534	0.525817	0.5610826	0.5825405
G52	0.5736255	0.6788801	0.6313443	0.4850892	0.4167373	0.3521643	0.3537146	0.3622621	0.3002705	0.3056823	0.2651974	0.3519784	0.4812853	0.5696104	0.6051632	0.5848788	0.6757806	0.6589017	0.676521	0.6318221	0.5633526
G53	0.3289616	0.2996549	0.0879556	0.0582485	0.0455929	0.0186501	0.0441256	0.0231708	0.0324348	0.0598895	0.0239057	0.0507093	0.1235339	0.2855545	0.2988294	0.2894979	0.3864087	0.3269519	0.3211799	0.2930765	0.3314323
G54	0.2302215	0.2058173	0.2420291	0.1468426	0.1743965	0.2579703	0.2070955	0.2516832	0.2235776	0.2409469	0.1820508	0.2375556	0.2333982	0.2055733	0.3019451	0.3423529	0.2579039	0.2274682	0.2331126	0.273304	0.2232809
G55	0.5316975	0.5000727	0.503061	0.5863184	0.5307872	0.5243035	0.4309248	0.4892601	0.4923952	0.4928352	0.3897948	0.416595	0.5039201	0.4998311	0.5552876	0.4091515	0.422289	0.4950052	0.4381461	0.5988288	0.5260394
G56	0.3550836	0.4051212	0.5286469	0.5838365	0.7309599	0.7248821	0.5849104	0.5249143	0.6003969	0.6014432	0.6660942	0.5164702	0.4772371	0.2926216	0.3277666	0.2933293	0.1763969	0.2847406	0.2882971	0.3305466	0.2230291
G57	0.2243268	0.274467	0.5935025	0.6181206	0.5328332	0.5469736	0.5440101	0.5466182	0.5703212	0.6390179	0.6392846	0.6449503	0.5301777	0.2880906	0.3039102	0.3354966	0.1939125	0.2424314	0.3346684	0.3020473	0.2818591
G58	0.2179361	0.291393	0.340609	0.3922027	0.4550875	0.4543877	0.4583876	0.3767135	0.5268511	0.4275284	0.4394161	0.4556614	0.3659897	0.2297822	0.2114123	0.2812078	0.2233523	0.2812126	0.2416007	0.192558	0.2021897
G59	0.0438874	0.0489123	0.0431986	0.0580424	0.0690054	0.0912078	0.0721434	0.0493517	0.0707042	0.0398811	0.0297324	0.0645326	0.1073033	0.137461	0.0922632	0.1072054	0.0951535	0.1288864	0.0731969	0.105098	0.0708118
G60	0.186755	0.2554378	0.174242	0.1088149	0.0921187	0.1125936	0.189312	0.1126201	0.1221891	0.1968253	0.1781086	0.2216176	0.2687984	0.3126484	0.2546454	0.2787754	0.2836094	0.2562282	0.1894986	0.2354948	0.2365183
G61	0.0015807	0.1210562	0.0929283	0.1159702	0.1779212	0.0895664	0.1351426	0.1471875	0.1274321	0.1263374	0.1591281	0.0904756	0.1814905	0.075987	0.0438307	0.0434971	0.0348142	0.0215627	0.0188798	0.0067402	0.0049488
G62	0.234879	0.2476609	0.2442477	0.3426052	0.3928227	0.4962186	0.4978668	0.5744646	0.5149402	0.4782958	0.5069852	0.6448749	0.4927752	0.469018	0.313974	0.2728237	0.2294637	0.2288318	0.2229199	0.2636166	0.2543561
G63	0.5844734	0.6947279	0.6091649	0.6878697	0.5043453	0.6106965	0.6361228	0.6463233	0.6128496	0.5948025	0.5963387	0.5466304	0.5708753	0.6435369	0.7526356	0.5350779	0.6318267	0.6106767	0.7467595	0.7163197	0.5189013
G64	0.4450649	0.50981	0.3573829	0.5429566	0.499107	0.4487374	0.5920647	0.6101645	0.5683697	0.625334	0.5788819	0.6060861	0.4805045	0.3393118	0.4377785	0.4500917	0.3722252	0.4126491	0.4584881	0.486496	0.4265023
G65	0.3878977	0.1655947	0.1512622	0.1509102	0.1842963	0.1513978	0.1423786	0.1427659	0.1761623	0.1324304	0.1494669	0.5081372	0.5302401	0.3995554	0.4602121	0.4759996	0.5502901	0.470991	0.4775219	0.4019089	0.4718271
G66	0.3435031	0.0985016	0.0813059	0.0348888	0.0215206	0.0696783	0.0245512	0.0520068	0.0344626	0.0300336	0.0173311	0.4157069	0.4697193	0.3354329	0.3549032	0.3624415	0.3353656	0.3862811	0.2729913	0.368049	0.3860617
G67	0.3013784	0.2536335	0.2419689	0.3403883	0.3330642	0.2699669	0.3721135	0.3465226	0.3382673	0.3178143	0.2639917	0.3043459	0.4309935	0.5047094	0.3772189	0.3218799	0.322506	0.3522183	0.3532283	0.3628003	0.4270168
G68	0.3774247	0.3999721	0.3492528	0.4422759	0.5617861	0.4425746	0.604506	0.5641011	0.5860731	0.6988463	0.531669	0.610892	0.6085537	0.5019221	0.4597477	0.3829919	0.3655004	0.5612776	0.4427974	0.4227704	0.4553053
G69	0.4481457	0.5232111	0.4072888	0.505785	0.3072116	0.214854	0.142908	0.080812	0.0961767	0.0770012	0.0944974	0.063646	0.1206479	0.2229059	0.3468638	0.3762017	0.548448	0.4908595	0.3525113	0.4529602	0.4701468
G70	0.0126687	0.0101965	0.0193015	0.0118638	0.0143694	0.0052585	0.0077892	0.0225752	0.1567656	0.2125594	0.1763899	0.0776271	0.030306	0.0068619	0.030888	0.0177461	0.0107917	0.0133476	0.0152632	0.009591	0.0190461
G71	0.1674943	0.0442682	0.0037251	0.0131054	0.0020607	0.0256439	0.0193236	0.0124455	0.0045243	0.0052474	0.0169388	0.5111225	0.4600673	0.2619634	0.1961741	0.1738026	0.1809254	0.1967378	0.1485125	0.1243243	0.1294067
G72	0.0239988	0.0291035	0.0087995	0.0772332	0.0531586	0.2694689	0.3600758	0.5834017	0.6359265	0.642895	0.6583187	0.6047742	0.2690609	0.0904538	0.0406249	0.039228	0.0240596	0.0155823	0.0144673	0.0376299	0.0122798
G73	0.0266293	0.0259564	0.0369127	0.0305072	0.0884899	0.1787938	0.3259401	0.429614	0.5635113	0.5983324	0.4671352	0.5543097	0.2079692	0.0940051	0.0689404	0.0244296	0.0423211	0.0387932	0.0390736	0.0426159	0.0333086
G74	0.0703472	0.0746653	0.0662424	0.1003023	0.2399552	0.3660648	0.5104456	0.6521571	0.5607462	0.7126441	0.5899169	0.7382862	0.5520988	0.3996608	0.2206506	0.0996416	0.122421	0.0731446	0.0815141	0.050885	0.0817026
G75	0.3473152	0.2056668	0.1680794	0.1228011	0.1498957	0.2244081	0.2386402	0.2851693	0.2240249	0.2885151	0.1808235	0.4850212	0.4821514	0.4868521	0.4656379	0.4110799	0.3513223	0.3618891	0.2637003	0.378156	0.444339
G76	0.6151484	0.2646609	0.1286636	0.071687	0.052425	0.0227837	0.0135713	0.0097757	0.0019409	0.0000477	0.000468	0.0316166	0.0342213	0.1658404	0.4032386	0.524351	0.6620863	0.663899	0.6158146	0.6084911	0.6246272
G77	0.0155753	0.1986575	0.2544783	0.2814183	0.2721621	0.252409	0.3932936	0.4632848	0.5630208	0.4305852	0.5130008	0.5317372	0.3927644	0.4302751	0.2613641	0.1382427	0.0518093	0.0423864	0.0331924	0.0189272	0.0076043
G78	0.0595961	0.1334924	0.1165666	0.0920126	0.136812	0.1044674	0.0852709	0.1460919	0.067555	0.0824614	0.1427356	0.1133279	0.1116748	0.1196972	0.0943899	0.0602295	0.1093774	0.0766915	0.0715204	0.0819963	0.1070489
G79	0.1228959	0.2089059	0.1737874	0.1426519	0.1796985	0.1339234	0.1339676	0.1381746	0.1534991	0.1568036	0.1357628	0.1118222	0.1494409	0.1620155	0.2145878	0.111053	0.1825001	0.2556511	0.128455	0.2040475	0.1542058
G80	0.0217762	0.0189873	0.0009686	0.0005785	0.0001246	0.0016832	0.0000304	0.0013682	0	0.0010847	0.0000909	0.0189148	0.0312527	0.0346544	0.0381007	0.0274652	0.0357256	0.0266414	0.0150862	0.0159313	0.0268469
G81	0.325823	0.4978215	0.5718741	0.6541519	0.5988187	0.5399517	0.5035522	0.6402749	0.5750423	0.6517745	0.675493	0.4245755	0.3328535	0.3338334	0.4674064	0.3507528	0.3749357	0.3599802	0.500389	0.3944512	0.3955092
G82	0.0893566	0.09788	0.1183179	0.1255666	0.116326	0.1234955	0.2033582	0.1186773	0.1205292	0.0813569	0.0764991	0.1744006	0.1218884	0.1230768	0.1281849	0.0899814	0.0920181	0.0899747	0.0934677	0.1118313	0.1095262
G83	0.6944998	0.5360757	0.5345906	0.5152182	0.5102605	0.5059401	0.4554628	0.5587139	0.514951	0.5136649	0.5846736	0.5308183	0.6849503	0.5588062	0.7722577	0.6316871	0.5781095	0.6315993	0.6600397	0.7077256	0.5828347
G84	0.2022311	0.1663655	0.1505307	0.1761747	0.1682851	0.1232497	0.1759367	0.1832221	0.1788547	0.1601318	0.2119815	0.1538284	0.1691028	0.173622	0.2290184	0.1741536	0.213375	0.1869642	0.1396911	0.1577285	0.1475714
G85	0.53576	0.4771369	0.5268269	0.5961627	0.5224369	0.6495979	0.595887	0.5969968	0.5724979	0.5815281	0.5211992	0.494886	0.5100714	0.4714132	0.4526168	0.4894886	0.5664104	0.588364	0.5289669	0.5713695	0.5398962
G86	0.1981108	0.2711275	0.2585829	0.1748828	0.1821399	0.1653433	0.1214242	0.1550913	0.2130319	0.1286503	0.1846671	0.2523225	0.2114948	0.1805699	0.13489	0.1555105	0.150519	0.1693444	0.1948845	0.1594256	0.1510467
G87	0.1681865	0.1257945	0.1911957	0.1454541	0.17816	0.1179336	0.1361163	0.1494354	0.1489287	0.0989859	0.1033345	0.1601773	0.154821	0.1306242	0.1521581	0.2047237	0.1229764	0.1598694	0.1276372	0.1402474	0.1192356
G88	0.0435179	0.3957159	0.4256115	0.3627809	0.4229532	0.5457389	0.4529112	0.4849033	0.5016083	0.4047947	0.4407682	0.0856949	0.0497746	0.1037481	0.0948244	0.0940721	0.0875045	0.0912955	0.0665915	0.0754029	0.0399486
G89	0.0327757	0.0179993	0.0457465	0.0415451	0.0167879	0.0885253	0.1459784	0.3694287	0.6109054	0.7141714	0.5253723	0.7035956	0.74394	0.5497565	0.4733299	0.2034162	0.1705939	0.0480386	0.091295	0.0333053	0.0315056
G90	0.6569925	0.5167636	0.4464648	0.4596468	0.5102106	0.4815358	0.5115979	0.4667697	0.413523	0.5300277	0.4527351	0.5350006	0.6238198	0.5806402	0.595498	0.6569491	0.6292908	0.4819103	0.6295447	0.6093271	0.6301944
G91	0.7433257	0.6456451	0.7156909	0.5817911	0.529827	0.6862659	0.6254097	0.5896459	0.6165165	0.6952388	0.6163114	0.6745196	0.7926885	0.6360194	0.5959293	0.6797052	0.6325546	0.6374327	0.5649896	0.6234673	0.497169
G92	0.455829	0.371214	0.487371	0.4286964	0.5126505	0.5440664	0.4277987	0.3596175	0.4583942	0.4065866	0.3513209	0.3427087	0.4340619	0.5074419	0.3739948	0.3708527	0.5127581	0.425284	0.4890487	0.5461273	0.4515264
G93	0.6022862	0.6474719	0.6627599	0.6711833	0.6477537	0.6172276	0.5050827	0.719174	0.5960782	0.6413223	0.5439896	0.5604773	0.7586199	0.674388	0.5783675	0.6110007	0.5714527	0.5425445	0.4945585	0.5616254	0.6986894
G94	0.4252746	0.4299306	0.4226706	0.5219747	0.3404748	0.3715701	0.3745859	0.3938268	0.3703463	0.4966699	0.580999	0.502477	0.476436	0.4162083	0.4956934	0.3705744	0.4110221	0.4238881	0.4458388	0.4522448	0.3870406
G95	0.4750365	0.4464034	0.4104324	0.40832	0.4809731	0.5362713	0.4086208	0.4462321	0.4129028	0.4936717	0.4624609	0.4868712	0.4229984	0.4597763	0.3697566	0.4963405	0.4334515	0.4747483	0.5586411	0.4793958	0.4206594
G96	0.6402407	0.5725955	0.5415805	0.6130183	0.6249827	0.4843105	0.5338842	0.5543976	0.5743375	0.5328401	0.5514562	0.5731347	0.6491437	0.6378802	0.6462432	0.7256827	0.5942726	0.6734275	0.5873143	0.4921651	0.7253519
G97	0.2403047	0.2255529	0.1849927	0.1886268	0.2347071	0.2928311	0.3765063	0.2403344	0.2564466	0.2974184	0.2081931	0.2380778	0.2435245	0.2694818	0.2770972	0.2556399	0.2915269	0.2117277	0.2161935	0.3037859	0.265574
G98	0.5460938	0.692653	0.6426421	0.5283437	0.6735774	0.5950857	0.6244271	0.582429	0.6944071	0.6347006	0.6315265	0.6348801	0.6421091	0.5899515	0.5928226	0.7123663	0.6457333	0.6133717	0.5696991	0.599006	0.5831362
G99	0.6261138	0.5379336	0.6076512	0.6775942	0.6188763	0.6731637	0.6165702	0.5684339	0.6613241	0.6714351	0.5855094	0.5613484	0.529492	0.5175235	0.4561833	0.6072465	0.5151145	0.5906212	0.5813488	0.4937774	0.527376
G100	0.6268345	0.5834322	0.6933492	0.6404083	0.6117197	0.631055	0.6976255	0.5190656	0.6031468	0.5651358	0.6591939	0.6440404	0.5770695	0.6250216	0.623087	0.681147	0.6424359	0.6945838	0.5662394	0.6776929	0.6077807
