ID	0	50	100	150	200
G1	0.6689666	0.6243556	0.681568	0.6367281	0.727122
G2	0.04761	0.132229	0.3146006	0.2978526	0.3749968
G3	0.5892719	0.6628217	0.6863369	0.6428395	0.7610222
G4	0.6708191	0.6203818	0.6392777	0.6896854	0.5899858
G5	0.1378262	0.3015316	0.2141247	0.2935863	0.1948136
G6	0.6393759	0.1965109	0.1120339	0.1028576	0.0479168
G7	0.0474851	0.0454575	0.0591432	0.0672381	0.0720456
G8	0.6645618	0.7304925	0.5921437	0.5999242	0.5569286
G9	0.7389344	0.1064842	0.0891723	0.0794147	0.1625706
G10	0.7414517	0.6512415	0.5834885	0.7332876	0.6931626
