ID	0	50	100	150	200	250	300	350	400	450	500	550	600	650	700	750	800	850	900	950	1000
G1	0.6915898	0.7438541	0.6254011	0.7119316	0.5416307	0.5443968	0.6545849	0.6800698	0.6342342	0.6647282	0.6657403	0.6223719	0.6960233	0.6956821	0.5464891	0.6095815	0.8030964	0.6763375	0.6593881	0.8030895	0.7321291
G2	0.2338904	0.4973434	0.4926815	0.4952848	0.6316753	0.5541389	0.6489507	0.6026611	0.5378402	0.602992	0.5394387	0.2526071	0.1129086	0.0375384	0.0584713	0.2178771	0.1668629	0.1256165	0.0464005	0.2933879	0.2356021
G3	0.6598145	0.7754101	0.6778706	0.5874721	0.7459289	0.6845896	0.5240919	0.6445428	0.6145737	0.6029319	0.6326226	0.7820191	0.7077068	0.7148873	0.7208876	0.6715304	0.6753433	0.6907497	0.598246	0.6796263	0.6682597
G4	0.7593274	0.6801287	0.7071749	0.6915025	0.7059388	0.5792763	0.6168436	0.7977836	0.670764	0.5907183	0.6734043	0.6585574	0.6280062	0.7678076	0.7284069	0.5363577	0.7770043	0.6319538	0.6541874	0.7346696	0.5620507
G5	0.0791337	0.1449401	0.1709144	0.1425563	0.1313911	0.1432393	0.1633588	0.1560782	0.1145073	0.1765532	0.1895198	0.0537636	0.0496127	0.0655364	0.2111344	0.187813	0.072488	0.1061575	0.1516524	0.2570761	0.1402917
G6	0.5740673	0.7281284	0.6722435	0.5818812	0.4805519	0.4878724	0.4475684	0.5676225	0.5204786	0.4751415	0.5083598	0.501669	0.4131859	0.3581232	0.3560826	0.6451083	0.5970447	0.7929177	0.5423671	0.6765307	0.697767
G7	0.031513	0.1016704	0.1650963	0.2605261	0.3534139	0.436846	0.395391	0.2980098	0.3537962	0.3239103	0.339004	0.3868451	0.3518108	0.2402467	0.1257188	0.0696035	0.0830079	0.1339837	0.0964924	0.0525126	0.0562061
G8	0.7256002	0.5188655	0.453142	0.408193	0.3609255	0.341231	0.3430205	0.2812106	0.3532403	0.303826	0.3808055	0.2797404	0.4622538	0.6354837	0.6371679	0.6596241	0.5223113	0.5622408	0.6307803	0.5363884	0.5008871
G9	0.6227947	0.6570776	0.6649125	0.5636826	0.715483	0.7035741	0.6287078	0.7162095	0.635965	0.5914618	0.5815539	0.6636413	0.5909236	0.8023806	0.5719785	0.5547017	0.6397543	0.6134217	0.7161887	0.6713493	0.6859213
G10	0.6767722	0.5336369	0.7349648	0.6436545	0.6927441	0.5920775	0.6318673	0.6291175	0.7231494	0.6542181	0.606537	0.5983199	0.7095731	0.699394	0.5800287	0.7251359	0.6740294	0.6637952	0.8109614	0.6696239	0.7376604
