ID	0	50	100	150	200
G1	0.6915898	0.7438541	0.6254011	0.7119316	0.5416307
G2	0.2338904	0.4973434	0.4926815	0.4952848	0.6316753
G3	0.6598145	0.7754101	0.6778706	0.5874721	0.7459289
G4	0.7593274	0.6801287	0.7071749	0.6915025	0.7059388
G5	0.0791337	0.1449401	0.1709144	0.1425563	0.1313911
G6	0.5740673	0.7281284	0.6722435	0.5818812	0.4805519
G7	0.031513	0.1016704	0.1650963	0.2605261	0.3534139
G8	0.7256002	0.5188655	0.453142	0.408193	0.3609255
G9	0.6227947	0.6570776	0.6649125	0.5636826	0.715483
G10	0.6767722	0.5336369	0.7349648	0.6436545	0.6927441
