ID	0	50	100	150	200
G1	0.6214225	0.8004574	0.6781367	0.7292155	0.5791297
G2	0.2390612	0.4170516	0.514873	0.5629737	0.5773526
G3	0.5982388	0.620354	0.7095644	0.4802403	0.4776338
G4	0.5632529	0.669013	0.6712292	0.6909312	0.7006687
G5	0.2781876	0.0817893	0.0735007	0.0782346	0.054544
G6	0.5746758	0.6601408	0.7105138	0.5723542	0.6168664
G7	0.0310556	0.0468794	0.2139203	0.2245143	0.3546319
G8	0.569451	0.6268083	0.5607125	0.4565252	0.3010967
G9	0.6049886	0.5608383	0.5292581	0.5700155	0.5165074
G10	0.7464546	0.1666217	0.0918277	0.1029095	0.085134
