ID	0	50	100	150	200	250	300	350	400	450	500	550	600	650	700	750	800	850	900	950	1000
G1	0.6214225	0.8004574	0.6781367	0.7292155	0.5791297	0.6906482	0.7007028	0.7556584	0.624518	0.6891365	0.6622871	0.6887933	0.6045479	0.5684042	0.6582119	0.6445721	0.6131108	0.6966552	0.6749025	0.640904	0.6693021
G2	0.2390612	0.4170516	0.514873	0.5629737	0.5773526	0.5637635	0.6017739	0.4771433	0.5544779	0.6536083	0.5198033	0.1960484	0.083869	0.0356073	0.0531711	0.2349321	0.2170617	0.1460906	0.0630306	0.108727	0.2346898
G3	0.5982388	0.620354	0.7095644	0.4802403	0.4776338	0.458834	0.6233981	0.4343449	0.4531289	0.5028973	0.4988099	0.3742972	0.5810182	0.6740862	0.5696768	0.5992847	0.7271016	0.5998186	0.7797116	0.6581622	0.7078107
G4	0.5632529	0.669013	0.6712292	0.6909312	0.7006687	0.6515318	0.6972747	0.6815534	0.5830193	0.5979125	0.6340543	0.6129607	0.6252922	0.6342926	0.5467389	0.7499564	0.7221774	0.6117993	0.5934496	0.7943677	0.6569468
G5	0.2781876	0.0817893	0.0735007	0.0782346	0.054544	0.0490949	0.0498437	0.0414899	0.033116	0.0270327	0.0278255	0.0793537	0.043504	0.0439163	0.2711414	0.1615188	0.0985495	0.0383284	0.1781693	0.1796589	0.2512058
G6	0.5746758	0.6601408	0.7105138	0.5723542	0.6168664	0.4416718	0.468512	0.4333314	0.51677	0.4203254	0.5410433	0.4186002	0.4255524	0.4200009	0.5468745	0.6114492	0.7561949	0.7809917	0.6441666	0.6360057	0.6430747
G7	0.0310556	0.0468794	0.2139203	0.2245143	0.3546319	0.3593754	0.3464837	0.3269221	0.3752645	0.3917628	0.4397045	0.3225044	0.2767918	0.1409197	0.0750331	0.0782815	0.0956761	0.1152209	0.1570782	0.0710659	0.0885121
G8	0.569451	0.6268083	0.5607125	0.4565252	0.3010967	0.2920852	0.2779408	0.3084055	0.2561096	0.2607094	0.287045	0.3012594	0.5910418	0.5096427	0.5478757	0.6860586	0.6613248	0.6461899	0.6637484	0.6833402	0.6389621
G9	0.6049886	0.5608383	0.5292581	0.5700155	0.5165074	0.6256374	0.3984917	0.6015836	0.6249951	0.5927344	0.5574422	0.6341172	0.6825656	0.6031092	0.7415918	0.6787966	0.696761	0.6830579	0.6633103	0.5969944	0.618197
G10	0.7464546	0.1666217	0.0918277	0.1029095	0.085134	0.0802164	0.0988948	0.0803427	0.1220516	0.1571696	0.0663755	0.5742544	0.7103575	0.750324	0.7683042	0.6779843	0.7004863	0.6952332	0.5083225	0.720937	0.7452549
