ID	0	50	100	150	200	250	300	350	400	450	500	550	600	650	700	750	800	850	900	950	1000
G1	0.6628624	0.6761528	0.6499086	0.7365612	0.669694	0.7654911	0.6712747	0.6531442	0.7095126	0.6441797	0.7321491	0.7682529	0.7134988	0.5404778	0.7234629	0.7445293	0.6565145	0.6644325	0.5946674	0.7603009	0.5852974
G2	0.1478915	0.2662993	0.2271098	0.3119084	0.3593797	0.3479949	0.3011645	0.396445	0.4857937	0.3658216	0.3767989	0.2598827	0.0946157	0.0657443	0.0697712	0.1790571	0.2642967	0.153535	0.0480274	0.0464092	0.1088761
G3	0.6120202	0.5866584	0.5552051	0.6120332	0.5522155	0.5895787	0.5642045	0.5156315	0.7351976	0.6183345	0.5532833	0.5805132	0.6226203	0.7015927	0.6251591	0.6707629	0.5605107	0.6600691	0.7683222	0.6377278	0.5751327
G4	0.7147111	0.6211295	0.7286318	0.6364122	0.6019488	0.8417649	0.6611943	0.6545393	0.6958615	0.7551539	0.7483919	0.6934321	0.7315978	0.6595861	0.7474227	0.7098827	0.8039835	0.7343127	0.7035052	0.6771701	0.7424166
G5	0.1671802	0.1768103	0.2840686	0.232231	0.1690419	0.2196595	0.1954992	0.220511	0.2654324	0.1891262	0.1736113	0.0678906	0.0501932	0.0636663	0.1991477	0.2485658	0.1119151	0.0558661	0.0613795	0.1621434	0.113479
G6	0.6485969	0.2114769	0.1475425	0.1166463	0.0843374	0.0368025	0.0546106	0.0566831	0.098427	0.0743242	0.0686113	0.4206651	0.5567374	0.4946151	0.5932849	0.5811978	0.60168	0.7040056	0.7472157	0.5346956	0.6228807
G7	0.0416626	0.0958277	0.1594239	0.1082193	0.0391498	0.0301653	0.0192187	0.0101171	0.0140218	0.0121461	0.0208781	0.0563795	0.1187652	0.1144735	0.0660764	0.068787	0.1092483	0.1106014	0.0781214	0.0546495	0.0561078
G8	0.7279593	0.7278701	0.6161076	0.6997583	0.6284378	0.590334	0.4981507	0.5552391	0.5763904	0.5708667	0.4771095	0.514426	0.6729508	0.6813605	0.6835417	0.7071485	0.6558531	0.6533417	0.6549139	0.7131433	0.7519312
G9	0.6066708	0.6160722	0.6102391	0.6554521	0.6062847	0.5750188	0.6052007	0.8884042	0.5945329	0.5913268	0.6506196	0.6624994	0.6116129	0.7677323	0.6244221	0.8015488	0.5745055	0.5740649	0.6810769	0.5368018	0.5973722
G10	0.5978405	0.3535091	0.2466829	0.229679	0.2421017	0.2616876	0.2322245	0.2833719	0.3155282	0.2743649	0.3444976	0.6781785	0.6945663	0.6961881	0.6351478	0.7253711	0.7504814	0.6199275	0.6627533	0.7112645	0.6969849
