ID	0	50	100	150	200
G1	0.7874432	0.6929656	0.6798093	0.7330359	0.7348793
G2	0.0820352	0.084156	0.2286693	0.4153395	0.5017915
G3	0.6099512	0.6604199	0.5756171	0.5172707	0.5892892
G4	0.6879506	0.524888	0.3764306	0.4191522	0.4546635
G5	0.0455927	0.2447977	0.3713523	0.3863953	0.31704
G6	0.6342082	0.6665718	0.6195602	0.5473848	0.5674707
G7	0.0578235	0.0650053	0.0584418	0.1239152	0.1818365
G8	0.7010196	0.7005807	0.6226918	0.7777653	0.4842959
G9	0.6879156	0.0151053	0.0062487	0.0008066	0
G10	0.5864137	0.6727081	0.7000763	0.6665998	0.6931781
