ID	0	50	100	150	200
G1	0.6628624	0.6761528	0.6499086	0.7365612	0.669694
G2	0.1478915	0.2662993	0.2271098	0.3119084	0.3593797
G3	0.6120202	0.5866584	0.5552051	0.6120332	0.5522155
G4	0.7147111	0.6211295	0.7286318	0.6364122	0.6019488
G5	0.1671802	0.1768103	0.2840686	0.232231	0.1690419
G6	0.6485969	0.2114769	0.1475425	0.1166463	0.0843374
G7	0.0416626	0.0958277	0.1594239	0.1082193	0.0391498
G8	0.7279593	0.7278701	0.6161076	0.6997583	0.6284378
G9	0.6066708	0.6160722	0.6102391	0.6554521	0.6062847
G10	0.5978405	0.3535091	0.2466829	0.229679	0.2421017
