ID	0	50	100	150	200	250	300	350	400	450	500	550	600	650	700	750	800	850	900	950	1000
G1	0.6689666	0.6243556	0.681568	0.6367281	0.727122	0.6428747	0.7578733	0.606375	0.6651108	0.6440738	0.6756544	0.6806585	0.5991409	0.57454	0.7030458	0.7839828	0.6231205	0.6972616	0.7167792	0.646444	0.6528114
G2	0.04761	0.132229	0.3146006	0.2978526	0.3749968	0.4744634	0.5797259	0.3986182	0.5163119	0.5039694	0.4700922	0.3445405	0.1774965	0.1056181	0.0436959	0.0551582	0.2068157	0.1570902	0.0961573	0.0540037	0.169542
G3	0.5892719	0.6628217	0.6863369	0.6428395	0.7610222	0.6815671	0.7091839	0.6033396	0.7090288	0.616571	0.73328	0.7026364	0.698347	0.6600042	0.8979167	0.73213	0.6442357	0.6365666	0.7379328	0.7683945	0.5917572
G4	0.6708191	0.6203818	0.6392777	0.6896854	0.5899858	0.7449325	0.7165592	0.6548668	0.7048845	0.580724	0.6841106	0.5926967	0.6588745	0.7687045	0.8859788	0.763585	0.6275509	0.7446394	0.6349339	0.6528546	0.6740743
G5	0.1378262	0.3015316	0.2141247	0.2935863	0.1948136	0.2828455	0.2539835	0.2987135	0.2210726	0.2728561	0.2585603	0.154991	0.0835393	0.062711	0.0709065	0.2067491	0.1900184	0.1020243	0.073147	0.1247392	0.1597347
G6	0.6393759	0.1965109	0.1120339	0.1028576	0.0479168	0.0203582	0.0539735	0.0501183	0.0369337	0.027917	0.0539815	0.4595803	0.6570827	0.6415201	0.6421454	0.69653	0.6585453	0.6707215	0.5778029	0.8796771	0.6245062
G7	0.0474851	0.0454575	0.0591432	0.0672381	0.0720456	0.0531545	0.0198408	0.0225474	0.011991	0.0104645	0.0213398	0.0625134	0.165564	0.1841018	0.1086519	0.0546789	0.0339465	0.0787838	0.105969	0.0809093	0.0757628
G8	0.6645618	0.7304925	0.5921437	0.5999242	0.5569286	0.4305924	0.4393562	0.4327609	0.3541309	0.5267003	0.457135	0.4742249	0.7257568	0.5884351	0.6661202	0.6465175	0.7266245	0.6786115	0.6617768	0.6315746	0.8074697
G9	0.7389344	0.1064842	0.0891723	0.0794147	0.1625706	0.1169994	0.1202592	0.1253357	0.1210247	0.1844005	0.1355564	0.4747672	0.5978423	0.6298541	0.682982	0.6256829	0.6108059	0.564072	0.6967796	0.6621326	0.7279435
G10	0.7414517	0.6512415	0.5834885	0.7332876	0.6931626	0.6622369	0.681181	0.586386	0.6108357	0.7809209	0.6740861	0.6478931	0.6390103	0.5729027	0.7107916	0.6875076	0.7132888	0.7295054	0.6626984	0.6891249	0.5656831
