ID	0	50	100	150	200	250	300	350	400	450	500	550	600	650	700	750	800	850	900	950	1000
G1	0.5868688	0.2684771	0.2233745	0.1612385	0.128772	0.1857348	0.1808035	0.1922706	0.13048	0.1797953	0.1818025	0.4628752	0.4002094	0.4610495	0.5759753	0.401663	0.2850141	0.4384052	0.4355613	0.4690352	0.447885
G2	0.1724551	0.1199706	0.0969215	0.0985345	0.1516128	0.1168077	0.1199923	0.1430097	0.1024778	0.1374395	0.1159905	0.1248487	0.1497942	0.1037169	0.0766793	0.0976499	0.1071571	0.1440114	0.1096196	0.1064241	0.0824364
G3	0.0438438	0.1460195	0.0933494	0.1371588	0.0934324	0.0931007	0.0646907	0.084662	0.1054337	0.0950796	0.1408651	0.0298491	0.0074703	0.0324163	0.1427234	0.1255555	0.0463915	0.0457132	0.0629656	0.0627127	0.0677522
G4	0.0326508	0.0153899	0.0350778	0.023078	0.0155932	0.0194563	0.0195997	0.0277542	0.0238563	0.033402	0.0297399	0.0105133	0.0052655	0.0013822	0.0041548	0.0238427	0.0218082	0.0243744	0.0128543	0.0055012	0.0161914
G5	0.1944719	0.1779432	0.2216838	0.3099966	0.2725161	0.3221888	0.4055164	0.2160039	0.3048719	0.3726565	0.3172253	0.3619588	0.3253553	0.1757101	0.2188789	0.2203409	0.2033375	0.2566265	0.2080998	0.2688661	0.2384429
G6	0.4345091	0.4169427	0.4418742	0.3666268	0.3411867	0.3626328	0.4235531	0.2890824	0.3991127	0.4276879	0.2456497	0.3466093	0.3199911	0.5559913	0.4171239	0.476455	0.4000712	0.5503114	0.4979812	0.5416751	0.4620973
G7	0.272799	0.4442862	0.5222794	0.5431797	0.6018416	0.5279947	0.5654042	0.5597463	0.5216042	0.4941477	0.5355042	0.2977862	0.3093188	0.2257064	0.3499061	0.3048671	0.3786786	0.3172364	0.2564234	0.2454697	0.2651553
G8	0.0363792	0.0323485	0.0559461	0.0701662	0.0793281	0.0897046	0.0613041	0.0833444	0.1124517	0.0944553	0.0771001	0.1167085	0.0527827	0.060397	0.0251727	0.0506552	0.0333498	0.0606034	0.0394034	0.0223539	0.02262
G9	0.3745495	0.334438	0.4928438	0.4614928	0.4701927	0.5465042	0.4234001	0.4579738	0.5739331	0.3763598	0.5484864	0.4412847	0.4068429	0.4018083	0.4018262	0.3552525	0.2586154	0.3290938	0.4393532	0.42124	0.3684715
G10	0.1551117	0.1175388	0.1488829	0.1292654	0.1120041	0.1561899	0.0888698	0.0544331	0.0596774	0.0594618	0.0247645	0.0855615	0.1010173	0.1256907	0.1164096	0.1798376	0.2012616	0.1403495	0.1359391	0.1845727	0.1731885
G11	0.3744017	0.3400165	0.2280041	0.2673758	0.2321688	0.2742656	0.1689495	0.1848367	0.2073703	0.2242096	0.2798188	0.2689904	0.3027778	0.2095296	0.3368798	0.3456425	0.3777521	0.3360876	0.4607521	0.3580596	0.4011351
G12	0.5991897	0.6755535	0.6712766	0.7160335	0.670059	0.4975507	0.6987541	0.7067384	0.5247735	0.7223832	0.6551359	0.7298451	0.7501923	0.5900996	0.7493923	0.6453651	0.728846	0.6785915	0.6559485	0.675573	0.6430566
G13	0.3098158	0.4554798	0.6537064	0.6614017	0.7094565	0.519477	0.6770424	0.5751882	0.6225	0.6952263	0.7199625	0.5402543	0.610494	0.4369024	0.3968559	0.387413	0.2920676	0.1797313	0.1910111	0.2130984	0.343178
G14	0.0991929	0.3712592	0.510077	0.5968822	0.6674693	0.5255761	0.5204242	0.5540834	0.525657	0.5981108	0.600785	0.3622428	0.2976392	0.2891106	0.1853373	0.1442145	0.1064454	0.082938	0.0777795	0.0643702	0.1413496
G15	0.4178696	0.3829029	0.3560235	0.3261983	0.2284774	0.2092215	0.2055019	0.2546591	0.15611	0.2254165	0.1129046	0.2737107	0.338562	0.3888904	0.4636584	0.383596	0.532769	0.427317	0.3827997	0.4914693	0.418204
G16	0.6081287	0.6525672	0.6340179	0.6512317	0.6906851	0.6392095	0.5937372	0.7287266	0.6056721	0.6061356	0.8654579	0.6780419	0.7216096	0.5859337	0.629963	0.565383	0.6625616	0.5070672	0.6238294	0.5973538	0.6142399
G17	0.1052706	0.0730729	0.0670475	0.0466193	0.0400335	0.0857641	0.0502529	0.0592291	0.0849705	0.0768011	0.0621652	0.0791016	0.0457274	0.0731302	0.0936253	0.0572044	0.0797888	0.0909216	0.0981303	0.1033487	0.0969009
G18	0.601207	0.1993747	0.09312	0.047263	0.0443606	0.0399232	0.0258525	0.0387361	0.0490415	0.0695897	0.0251566	0.2046167	0.3786905	0.483477	0.3869334	0.5858092	0.4779828	0.4873086	0.632535	0.5502114	0.5306019
G19	0.5262484	0.5048084	0.6569031	0.5789876	0.5904055	0.6050649	0.7725994	0.6209864	0.5817748	0.6346972	0.7354196	0.689771	0.6564796	0.518399	0.4997453	0.3627799	0.6179139	0.4066285	0.2807242	0.2082809	0.217448
G20	0.6099096	0.5558615	0.5876303	0.6776993	0.5089578	0.3852191	0.3764676	0.3394811	0.3179316	0.3307688	0.2293773	0.2582754	0.289066	0.5272133	0.5001549	0.5536886	0.5360131	0.6831873	0.546973	0.4924695	0.6687373
G21	0.0641632	0.0367584	0.0696235	0.0673938	0.0436222	0.0513957	0.0317694	0.0852327	0.0836553	0.0654159	0.0754867	0.0296695	0.0443271	0.0330058	0.0588182	0.0325763	0.039288	0.0553581	0.0425119	0.0524339	0.1278195
G22	0.3449439	0.2992602	0.3205905	0.3257113	0.3406673	0.4204284	0.4104934	0.3212264	0.1882568	0.3465432	0.344814	0.2565487	0.2852846	0.3720048	0.3452289	0.3416948	0.3510307	0.3530149	0.4965642	0.2753982	0.296578
G23	0.1705516	0.2730063	0.3943445	0.3413172	0.3197594	0.2437205	0.355411	0.3125962	0.2985536	0.2470453	0.2978476	0.1107225	0.0493273	0.0291178	0.0284105	0.0334748	0.028795	0.0876065	0.112113	0.0856611	0.1206548
G24	0.3867106	0.3108842	0.2227551	0.25096	0.2449378	0.2684808	0.267622	0.2594428	0.3329252	0.2490922	0.236717	0.4327119	0.4497052	0.4152805	0.334166	0.3368128	0.316556	0.4134991	0.3959694	0.3910253	0.4284655
G25	0.2945408	0.3640262	0.4335881	0.4521123	0.4102212	0.439619	0.450315	0.5013249	0.5252535	0.5280732	0.5224846	0.3997116	0.3291641	0.3851395	0.3983817	0.4416551	0.4341775	0.309243	0.2797997	0.2986607	0.2463982
G26	0.1497255	0.0848499	0.0710652	0.0847449	0.0986453	0.1601595	0.1710621	0.1763682	0.212033	0.2034465	0.1841313	0.4215127	0.3355853	0.3333859	0.2303193	0.1621301	0.1447954	0.1003675	0.1666489	0.0981361	0.1732608
G27	0.3345595	0.2404866	0.3062239	0.1972597	0.1158536	0.1166332	0.2258211	0.1905481	0.1955247	0.243423	0.3202314	0.3401003	0.4638923	0.4634144	0.4146448	0.3784746	0.3333853	0.3130387	0.1911916	0.221329	0.2960238
G28	0.2691582	0.2259558	0.164678	0.2452	0.3053129	0.4096109	0.4688468	0.5624645	0.540476	0.49859	0.5558414	0.6430055	0.7410064	0.5202895	0.3963455	0.3038755	0.2628743	0.3498387	0.3340696	0.2251119	0.2925045
G29	0.3814531	0.378014	0.4786749	0.3754489	0.4218901	0.356084	0.3655167	0.3916457	0.3978853	0.3381262	0.3834414	0.3620422	0.3417231	0.3865895	0.3321307	0.3049667	0.2881868	0.3222544	0.3030123	0.4387494	0.3641377
G30	0.4013715	0.6458639	0.5289244	0.8081859	0.5789991	0.7170827	0.8133619	0.5589286	0.6244214	0.7190197	0.7490554	0.7120092	0.5191038	0.5129804	0.3885497	0.4295468	0.4111668	0.4168369	0.5388659	0.3784106	0.4495718
G31	0.1891462	0.2441415	0.2856086	0.2477144	0.2786994	0.3309385	0.2771197	0.301359	0.2673694	0.2370662	0.2834425	0.3799469	0.3474978	0.1845473	0.2124598	0.309431	0.2687856	0.2646323	0.2487679	0.287157	0.2816616
G32	0.6616514	0.6805023	0.603737	0.4994378	0.6710477	0.7260643	0.7246335	0.6271768	0.6641461	0.5371222	0.6914926	0.5888503	0.6028243	0.4374808	0.6070628	0.64141	0.6647536	0.7473642	0.5384878	0.6014287	0.6245207
G33	0.4265385	0.2685595	0.2034701	0.177586	0.1675	0.1347254	0.1145102	0.0858485	0.0801941	0.0348662	0.0946274	0.1015325	0.1814168	0.1392638	0.2168817	0.2643348	0.2845034	0.2505181	0.3703021	0.4242835	0.4523535
G34	0.6043077	0.3236938	0.2579404	0.2499229	0.2618353	0.2073606	0.2280975	0.1915825	0.2783614	0.1734771	0.261466	0.5440047	0.516845	0.4150776	0.4442546	0.606985	0.4938294	0.4726947	0.6138112	0.5293228	0.473205
G35	0.6145646	0.6074636	0.6252347	0.5966205	0.6049194	0.6970127	0.5790127	0.5754439	0.6134104	0.5541458	0.7063797	0.7283966	0.6622857	0.5363302	0.6097923	0.5804239	0.6014054	0.6007064	0.6536677	0.649474	0.6654601
G36	0.2035193	0.2418351	0.2374547	0.3908461	0.3983183	0.4320468	0.4833567	0.4289899	0.5183957	0.6386636	0.545632	0.3756419	0.5156163	0.3215702	0.4468746	0.4486904	0.3340182	0.2215582	0.1423028	0.1759331	0.1827095
G37	0.3902391	0.4544419	0.4815641	0.5149597	0.5678	0.557301	0.6818886	0.6736275	0.5865104	0.5336945	0.4958814	0.3852177	0.4424943	0.3622954	0.46297	0.4426533	0.3855975	0.4190991	0.4320993	0.4027539	0.3836216
G38	0.5889539	0.2260504	0.1935874	0.2294917	0.2469059	0.2294595	0.1920651	0.1838237	0.1453924	0.2435586	0.2399525	0.4524858	0.6081976	0.5134373	0.6969264	0.6327243	0.5682727	0.6459708	0.6091166	0.6528209	0.6326368
G39	0.3061029	0.5625066	0.5499437	0.5662415	0.5993022	0.601838	0.5261559	0.6024739	0.6680427	0.6670853	0.6624977	0.2640853	0.3247921	0.2322125	0.2601026	0.2743427	0.336994	0.36316	0.3498158	0.4205427	0.3602673
G40	0.4345588	0.5068017	0.3478582	0.1880167	0.1173861	0.1048783	0.0908328	0.055358	0.048763	0.0937774	0.1052863	0.1273654	0.3295497	0.4666797	0.4439208	0.5507871	0.3865342	0.4069227	0.3087048	0.3267295	0.4381173
G41	0.1616419	0.2223637	0.236778	0.1389437	0.0981129	0.1774529	0.1196221	0.0884254	0.1224223	0.0797051	0.1766665	0.0746976	0.1169363	0.1367821	0.142104	0.1779121	0.1931088	0.236208	0.2194262	0.1907391	0.1685492
G42	0.4961974	0.4625817	0.3335253	0.2130167	0.1164673	0.1258635	0.1151338	0.1110816	0.0811067	0.07711	0.0481506	0.2143912	0.422344	0.4796949	0.5296005	0.5965387	0.5126121	0.5011947	0.518331	0.4203929	0.5391378
G43	0.3985299	0.3062399	0.2652571	0.2625884	0.170149	0.1617378	0.2058996	0.1355328	0.2397909	0.1102683	0.1439356	0.1698521	0.2816875	0.3431187	0.4545952	0.4288671	0.4181888	0.4116254	0.3290922	0.4199035	0.4080248
G44	0.6651362	0.490485	0.2076965	0.1739903	0.0772101	0.0328618	0.0241399	0.0119649	0.010798	0.0090983	0.0007902	0.0851414	0.2100806	0.4658089	0.3832856	0.5360023	0.5981979	0.615943	0.6059322	0.4825471	0.6223619
G45	0.5181735	0.2657753	0.1667141	0.2069982	0.2404507	0.2385633	0.1731968	0.1991263	0.2014526	0.2207005	0.1642855	0.4340861	0.5463379	0.571004	0.6457324	0.6296712	0.5000332	0.5599944	0.5577329	0.5914613	0.4842667
G46	0.1185813	0.1140773	0.2152732	0.3771041	0.5101768	0.530304	0.4643191	0.4800621	0.5115073	0.5303931	0.4896621	0.389701	0.2770563	0.2609972	0.2146886	0.251738	0.1251783	0.1384942	0.1691333	0.0869027	0.0681059
G47	0.2372275	0.2318514	0.1994904	0.0983842	0.0558941	0.0531095	0.0643898	0.0574452	0.065581	0.0630511	0.0273689	0.1036658	0.2267791	0.2621616	0.2905231	0.392598	0.3288705	0.3299651	0.40701	0.3517839	0.4067759
G48	0.0320187	0.0710326	0.2316904	0.2234232	0.3773966	0.4637321	0.41034	0.3765212	0.4428296	0.4771993	0.5262189	0.2855091	0.0752597	0.0464169	0.0270839	0.0251986	0.0282102	0.0230677	0.0429035	0.040998	0.0402814
G49	0.5162908	0.6924417	0.675777	0.696465	0.6565595	0.6023457	0.585808	0.7197241	0.7014143	0.5911556	0.6473773	0.5442453	0.6643754	0.6462915	0.5778839	0.6261978	0.6370525	0.7013354	0.5837216	0.6044611	0.6625362
G50	0.3053405	0.3214235	0.2471262	0.2904122	0.2035022	0.3586556	0.3437153	0.347869	0.3400864	0.3061471	0.2888629	0.2719645	0.3851119	0.370653	0.3061745	0.1931923	0.2608148	0.3274003	0.3420706	0.358403	0.3025116
G51	0.6600342	0.671046	0.6164086	0.5659299	0.5551248	0.2281545	0.1570007	0.1328245	0.0682765	0.1697479	0.0783634	0.0878256	0.0953309	0.4023468	0.5537195	0.5993784	0.6079538	0.7370166	0.5873089	0.69424	0.6712753
G52	0.2705733	0.1986701	0.2341775	0.2606537	0.3400266	0.3893232	0.5648372	0.5050964	0.4950778	0.5847306	0.4372622	0.4519827	0.5213159	0.4174865	0.2741349	0.2823089	0.2258215	0.2022009	0.243386	0.3431528	0.2766205
G53	0.0391231	0.0891855	0.0744536	0.0779983	0.2004978	0.2444307	0.4507546	0.4705205	0.4605034	0.5192025	0.317706	0.5336016	0.4314979	0.3087566	0.224774	0.0718452	0.0305396	0.0953939	0.0764573	0.1018954	0.1234424
G54	0.3206142	0.3631162	0.5555311	0.5020163	0.3487818	0.3039876	0.2779398	0.3117162	0.3972542	0.267969	0.3272648	0.1036854	0.132154	0.1037305	0.2240321	0.3964587	0.2886902	0.266764	0.2776098	0.2817832	0.2814728
G55	0.2329286	0.1845199	0.2435975	0.298443	0.4240168	0.4203267	0.5772051	0.7154351	0.7918453	0.6471067	0.6554692	0.7584131	0.6059149	0.4904867	0.3677161	0.2443888	0.2355803	0.2409819	0.2715036	0.3320213	0.3550949
G56	0.2302504	0.2185083	0.3118527	0.3944725	0.5448641	0.5859632	0.5695729	0.6346279	0.6498935	0.563769	0.6470482	0.6365732	0.5056602	0.4837698	0.2629298	0.1372658	0.1552903	0.1187593	0.1544676	0.2211322	0.2616316
G57	0.2174497	0.2221474	0.2660058	0.2099849	0.5074605	0.5655358	0.5665144	0.6462658	0.6900267	0.5123284	0.643998	0.6120047	0.6830719	0.4413474	0.3996329	0.2526118	0.1849725	0.3082666	0.2470077	0.2761441	0.2915359
G58	0.0126548	0.0037311	0.0098061	0.0064169	0.0092867	0.0000159	0.006026	0.0125639	0.0102946	0.0027706	0.0015707	0.001001	0.0015925	0.0029286	0.014669	0.0030138	0.0033247	0.0040661	0.0103645	0.0091323	0.0006766
G59	0.2655025	0.2340277	0.2827637	0.1555681	0.1144073	0.0613189	0.0537866	0.022806	0.0149633	0.0122244	0.0092415	0.0053237	0.0107536	0.0736163	0.1877587	0.2672913	0.2636977	0.2625469	0.1859416	0.1872005	0.1897848
G60	0.0586813	0.4549197	0.4335394	0.4307007	0.5758903	0.5293969	0.6064707	0.4906542	0.409883	0.4332876	0.4820458	0.1009307	0.0694939	0.0414557	0.0395481	0.0583899	0.0890922	0.1144936	0.1045149	0.0676045	0.1423155
G61	0.2669992	0.1528132	0.1784599	0.2251544	0.3320515	0.378021	0.4038984	0.3102184	0.4463318	0.4288387	0.4064257	0.5264991	0.6716192	0.3719161	0.3630677	0.3026613	0.2174908	0.3406764	0.3137117	0.3619503	0.2868846
G62	0.5085046	0.4401356	0.4997155	0.3650738	0.3155796	0.2629723	0.2993466	0.2909097	0.288293	0.2158276	0.3088018	0.3469608	0.3105077	0.3750081	0.366402	0.461972	0.3800778	0.4149068	0.4746153	0.4781583	0.458691
G63	0.6434965	0.5853669	0.6418287	0.534114	0.3662657	0.2348359	0.3635715	0.372395	0.3642259	0.341089	0.4331064	0.4820739	0.3807392	0.4502385	0.5045969	0.503726	0.4941192	0.5905747	0.5353796	0.5612967	0.5772062
G64	0.5025211	0.5283046	0.5146649	0.5529812	0.4792068	0.4063358	0.49255	0.4036125	0.3615678	0.5083315	0.4040308	0.4583068	0.4052762	0.5243576	0.475073	0.4662161	0.4456225	0.5206721	0.5170396	0.5986703	0.4992841
G65	0.1569284	0.20165	0.2097682	0.1730363	0.1866514	0.167543	0.2116479	0.1455849	0.1353922	0.1705256	0.1362077	0.1285767	0.0943157	0.1238384	0.1685248	0.2107984	0.1401117	0.2077085	0.2002488	0.1679083	0.194176
G66	0.615649	0.3357993	0.2971486	0.3210585	0.2074297	0.1652846	0.2719524	0.2901766	0.2872774	0.2295102	0.2585594	0.4718597	0.4225341	0.4605942	0.562069	0.5796081	0.5899841	0.6119183	0.5886807	0.6219501	0.5352273
G67	0.3420785	0.3603807	0.2686004	0.2465883	0.1826889	0.2601975	0.0973485	0.104961	0.0906516	0.1254161	0.0933265	0.0643815	0.0572258	0.1006307	0.1768831	0.2187246	0.3287316	0.3799287	0.458285	0.4236586	0.4108979
G68	0.4087109	0.2189012	0.161593	0.1157257	0.0717848	0.0425141	0.1080738	0.0642665	0.073256	0.0773676	0.0689721	0.2427017	0.353776	0.3576738	0.3752647	0.3828918	0.5031216	0.5546428	0.6317669	0.5414072	0.6363085
G69	0.3048983	0.3296254	0.3368709	0.3984137	0.2608785	0.2842739	0.2756138	0.239503	0.2557988	0.3391336	0.2767587	0.4170419	0.2987472	0.3441839	0.26183	0.4129809	0.3581953	0.3596935	0.2830086	0.3313172	0.3570641
G70	0.2757267	0.2177458	0.2332498	0.3392212	0.3549485	0.3536035	0.2706626	0.241292	0.16855	0.236454	0.1688429	0.182805	0.2003762	0.2348192	0.2441425	0.286405	0.2947744	0.2506178	0.2632075	0.3121329	0.2282942
G71	0.2029687	0.2444989	0.2553927	0.2397508	0.2495448	0.1875346	0.2548403	0.3015657	0.2778117	0.3194486	0.2712389	0.2889829	0.2964213	0.2732826	0.2654242	0.2611461	0.3851006	0.3505952	0.2626177	0.2865641	0.2543115
G72	0.1995231	0.3852664	0.4675144	0.3389844	0.3750348	0.4433495	0.3264845	0.4197254	0.326347	0.3553723	0.3667144	0.2529358	0.2523168	0.2777863	0.2405143	0.2197853	0.2262543	0.3160418	0.2709609	0.3055128	0.2751223
G73	0.4532897	0.3881184	0.2439049	0.1527046	0.0493827	0.0287106	0.0257744	0.0362872	0.0355034	0.0370637	0.0405298	0.1247711	0.3176649	0.4280945	0.4349071	0.4786714	0.3727743	0.4186229	0.3801939	0.498526	0.4813174
G74	0.0655385	0.0614184	0.06851	0.0402231	0.0588749	0.1349615	0.1912861	0.32181	0.2472648	0.3312044	0.2679281	0.278697	0.2032765	0.1234786	0.1010572	0.0405512	0.0344495	0.0344367	0.1131454	0.0855334	0.0738157
G75	0.1786232	0.2467591	0.3043593	0.2502368	0.1562251	0.0568768	0.0144118	0.0062123	0.0032305	0.0045738	0.0099706	0.0019137	0.017287	0.0846493	0.169276	0.2173409	0.1100725	0.147679	0.1781976	0.1733691	0.165308
G76	0.5265337	0.4982719	0.5130251	0.529525	0.5290024	0.5126063	0.5813432	0.7256066	0.5384701	0.5865349	0.5579341	0.663958	0.7596279	0.6623655	0.551937	0.5408039	0.5257572	0.4353767	0.4706913	0.5448646	0.4440138
G77	0.09938	0.0909573	0.0312735	0.0728518	0.0556573	0.0561277	0.0567151	0.0398726	0.0442868	0.0669515	0.0475497	0.0681468	0.0788338	0.0589098	0.0411774	0.0526593	0.0625391	0.0676473	0.0786181	0.0833496	0.0696639
G78	0.3202349	0.2855348	0.2658168	0.2766046	0.2675938	0.2403282	0.2291098	0.1897305	0.1389874	0.2314276	0.1780263	0.1532656	0.1820408	0.1505935	0.2442314	0.2737975	0.2733225	0.2320194	0.3236297	0.3142637	0.3724772
G79	0.3205354	0.2693378	0.1667523	0.1485211	0.1568698	0.1411773	0.2168279	0.1260249	0.1468432	0.1131208	0.1542762	0.1842206	0.1768248	0.2558069	0.138387	0.1590648	0.1961571	0.2592447	0.2359607	0.2985531	0.2673082
G80	0.5931285	0.5967082	0.6349268	0.5727787	0.6389498	0.632892	0.6327336	0.7679964	0.7354516	0.8038698	0.4898916	0.6557244	0.7484768	0.5328265	0.6766799	0.5918935	0.6362647	0.5441286	0.5565324	0.6082028	0.6049047
G81	0.2064345	0.2329265	0.332417	0.4783481	0.3467297	0.3525634	0.3148807	0.2560362	0.2614855	0.3196121	0.2977318	0.2098018	0.1582908	0.1341827	0.1838969	0.1740324	0.1615791	0.1775485	0.1713467	0.2345713	0.1744731
G82	0.381135	0.6061673	0.4918241	0.581759	0.6478223	0.4550695	0.4627596	0.576996	0.4909474	0.565197	0.5237575	0.3302214	0.1687689	0.1150169	0.163322	0.1940617	0.4329975	0.3767909	0.3625925	0.2847322	0.3137304
G83	0.0039096	0.0108322	0.0014605	0.0144365	0.006968	0.0046898	0.0036953	0.0034998	0.0079487	0.0024571	0.0073752	0.0254865	0.0065626	0.0075642	0.0076858	0.0056526	0.0214616	0.0134604	0.018376	0.0367215	0.0095682
G84	0.1617019	0.2001642	0.2424128	0.3391723	0.2863632	0.267244	0.1775745	0.1560572	0.088664	0.1181559	0.0966587	0.1332795	0.066479	0.0163094	0.0392484	0.2466099	0.2684126	0.24949	0.1770491	0.0741455	0.113514
G85	0.6389775	0.5956151	0.5039544	0.5633757	0.6055106	0.5399233	0.3968395	0.5641544	0.5381664	0.6215755	0.5563046	0.571702	0.6562964	0.6022459	0.7258542	0.7181973	0.5191001	0.6767344	0.5554934	0.6599262	0.6829759
G86	0.6269593	0.5786713	0.6179955	0.678718	0.6935756	0.6128265	0.5657264	0.6128018	0.6013872	0.6412093	0.6663671	0.6123366	0.5766687	0.6210751	0.6201655	0.5662616	0.6231379	0.5759809	0.7443771	0.6389603	0.6983796
G87	0.2192327	0.1779909	0.2276486	0.2319091	0.2607533	0.3224448	0.3140595	0.3474053	0.328848	0.3572825	0.3514456	0.5101955	0.3947515	0.5242428	0.4299543	0.3609825	0.2957067	0.2462496	0.212972	0.1760576	0.1418972
G88	0.3156908	0.2743158	0.1853538	0.1711744	0.1364734	0.0767304	0.0367987	0.0492928	0.0513594	0.0316195	0.0279296	0.032897	0.0379403	0.0243189	0.0657661	0.113257	0.2178638	0.1996484	0.3022909	0.3309056	0.2624842
G89	0.4459866	0.3392903	0.3669693	0.4169033	0.4917818	0.3714255	0.3178127	0.3337358	0.3670792	0.4567032	0.5086534	0.5017438	0.5084275	0.4533011	0.3675511	0.4178303	0.3177081	0.418984	0.4460923	0.4213524	0.3443831
G90	0.0900788	0.0897218	0.2044165	0.3382106	0.5424456	0.5359414	0.6107474	0.6186876	0.6225685	0.5678921	0.614744	0.4687396	0.391018	0.1532769	0.0889753	0.0612029	0.0430812	0.0396181	0.0430625	0.062372	0.0556258
G91	0.55243	0.5619384	0.5414372	0.6707925	0.6444627	0.5882919	0.5328385	0.5909194	0.646533	0.5853691	0.5587242	0.6132799	0.5241337	0.6925336	0.5857783	0.5954559	0.608925	0.5683322	0.826821	0.6404385	0.667148
G92	0.6501763	0.6731921	0.6232309	0.6248456	0.6877667	0.6307526	0.6367279	0.7265137	0.680311	0.7669726	0.6448946	0.5897795	0.6984863	0.5541868	0.6188435	0.6511427	0.5630149	0.5902143	0.5636833	0.7577921	0.5449097
G93	0.4971428	0.5817191	0.5824263	0.5524596	0.6665623	0.5567698	0.687281	0.7030158	0.72728	0.7147852	0.5970379	0.6360928	0.692492	0.5596411	0.5114968	0.4527435	0.6532907	0.5502758	0.5717743	0.7038585	0.7882565
G94	0.6426347	0.4837805	0.4733201	0.4036715	0.3699402	0.3966104	0.3795709	0.4479687	0.4009342	0.4208871	0.3766189	0.660468	0.7770194	0.6883619	0.6090821	0.7234565	0.5931449	0.7159513	0.6375208	0.681481	0.5670474
G95	0.2348973	0.3713182	0.564461	0.5516061	0.5554454	0.5502744	0.604815	0.5468466	0.638076	0.5871814	0.5923482	0.3731791	0.1678888	0.1543987	0.1009125	0.1316713	0.1952638	0.2981487	0.4111319	0.2618179	0.3305062
G96	0.6180711	0.6134008	0.682512	0.6696401	0.5328381	0.6859518	0.6622004	0.7025545	0.6838665	0.6957767	0.6539179	0.6571615	0.6170073	0.5417159	0.6468365	0.6237427	0.6528323	0.5798311	0.6174917	0.6821601	0.734906
G97	0.6374382	0.7078267	0.7245991	0.6679273	0.633177	0.6194908	0.5995467	0.6009826	0.5863936	0.6622181	0.6088479	0.5624754	0.6347684	0.6940539	0.6259291	0.6080978	0.6881848	0.7884796	0.5938855	0.6244434	0.6472359
G98	0.0706049	0.022505	0.0372634	0.0214742	0.0327972	0.0472126	0.0224187	0.0413387	0.0251941	0.0416181	0.0222926	0.0770033	0.1140104	0.1069775	0.113747	0.099206	0.0635034	0.0431385	0.0771502	0.0701683	0.078921
G99	0.6456327	0.2446651	0.0823698	0.0972477	0.0666609	0.0827415	0.0763226	0.0659581	0.0703993	0.0900433	0.076389	0.5141805	0.6183266	0.7308294	0.6568062	0.6759611	0.7367434	0.6657247	0.5834131	0.5160813	0.6854033
G100	0.6939125	0.5085558	0.6818243	0.6686223	0.6568264	0.7073382	0.642756	0.6246305	0.6256772	0.6427522	0.575104	0.7538945	0.6798838	0.6475344	0.6688809	0.6291396	0.6101304	0.6465016	0.7091256	0.6404205	0.5865772
