ID	0	50	100	150	200	250	300	350	400	450	500	550	600	650	700	750	800	850	900	950	1000
G1	0.4967802	0.2515001	0.2106692	0.2659287	0.2030554	0.1494502	0.1284712	0.0870226	0.0319386	0.0289255	0.0207373	0.0529074	0.0542626	0.2382368	0.3439036	0.506009	0.5441412	0.4233729	0.3198286	0.3951094	0.3968842
G2	0.1024381	0.1164761	0.1456617	0.120898	0.1530682	0.1560143	0.1803183	0.203627	0.2526429	0.2491117	0.2740149	0.3009519	0.2886437	0.2489878	0.1896765	0.1704944	0.1480946	0.1298342	0.1089887	0.1196187	0.1080698
G3	0.0894954	0.1727719	0.1250447	0.1263284	0.1262299	0.2672607	0.3392833	0.3855297	0.3969748	0.3106773	0.4346001	0.2081105	0.0899479	0.0230001	0.0151724	0.0465415	0.1000766	0.115996	0.1102903	0.0775423	0.0684718
G4	0.0079681	0.0208818	0.0343713	0.0994804	0.1397818	0.2884475	0.3207258	0.405613	0.5359922	0.5921614	0.5662459	0.5779978	0.5417412	0.395905	0.1695478	0.0480682	0.0355263	0.0196559	0.0250061	0.019851	0.0039034
G5	0.2408642	0.1960123	0.2381219	0.2944582	0.2882903	0.282824	0.3218312	0.3920927	0.4896176	0.5896008	0.6079422	0.4025596	0.3854008	0.3455894	0.3061542	0.2452132	0.286232	0.1900197	0.173028	0.2140235	0.2350385
G6	0.4904657	0.4744696	0.5224374	0.3854282	0.4803425	0.4274323	0.3708799	0.5541936	0.5092039	0.6200849	0.7308135	0.5577085	0.7532387	0.7064544	0.3313308	0.5202101	0.4852575	0.5097894	0.4886727	0.4158025	0.4837749
G7	0.2979028	0.3440751	0.2533398	0.251833	0.2640255	0.2670709	0.2643014	0.353321	0.3207459	0.3369928	0.2610323	0.319358	0.3163343	0.365936	0.2393934	0.1822334	0.2197029	0.2957762	0.2811701	0.2202395	0.2865696
G8	0.0218675	0.0829595	0.0705126	0.1213563	0.093652	0.0704231	0.1328192	0.2351352	0.3405179	0.4115248	0.3456605	0.4312504	0.345573	0.2204339	0.1451906	0.0645867	0.028889	0.0353983	0.0354008	0.0410739	0.0417119
G9	0.3756499	0.2612255	0.2082204	0.3536153	0.2670429	0.3075689	0.3091833	0.3851804	0.3696391	0.5034012	0.3550888	0.3457842	0.5216891	0.3434242	0.4899214	0.5136527	0.4965873	0.5304433	0.271005	0.3513538	0.3225394
G10	0.211327	0.0395612	0.0199443	0.0077164	0.0036614	0.0020484	0.0018586	0.0001229	0.0006735	0.0066947	0.0000808	0.1247258	0.1190268	0.1662601	0.1688955	0.1423047	0.2043512	0.125829	0.134876	0.213157	0.2276208
G11	0.4486998	0.3882425	0.3707845	0.4507815	0.5517877	0.4739826	0.4339687	0.4323414	0.4297264	0.5071922	0.4137411	0.3978838	0.4845214	0.4227626	0.4629296	0.420843	0.3592649	0.4079416	0.476041	0.5388202	0.5085957
G12	0.6695752	0.3659857	0.3177481	0.2666291	0.2706119	0.2232514	0.2620095	0.2793441	0.2284443	0.2139774	0.3055869	0.5567431	0.6378352	0.6419521	0.6401724	0.6558476	0.6573938	0.641486	0.6486455	0.6188753	0.5864945
G13	0.2875046	0.318113	0.3183468	0.3456101	0.2068157	0.2526319	0.2949636	0.2710673	0.2342018	0.2318798	0.2526921	0.2274041	0.2563676	0.2458531	0.2785327	0.2535263	0.3512998	0.2842202	0.3004529	0.2014676	0.227109
G14	0.1132856	0.0893563	0.1723455	0.158634	0.0978351	0.1351933	0.1369792	0.1270935	0.1193978	0.1341766	0.0799466	0.0824481	0.0881287	0.1365034	0.063775	0.0821063	0.1270969	0.1858069	0.1801331	0.0983875	0.0871543
G15	0.5864467	0.355062	0.648075	0.5631106	0.5350218	0.551335	0.5327889	0.7023203	0.540261	0.5175977	0.5720441	0.5267685	0.5172516	0.5375972	0.4568754	0.5403823	0.4723299	0.4654176	0.519076	0.5926589	0.5396717
G16	0.6447376	0.6205089	0.5933424	0.6308943	0.6539421	0.6510538	0.5250321	0.6604242	0.5917485	0.5820131	0.6236183	0.6201105	0.6460036	0.6240576	0.7411345	0.6320472	0.5965444	0.56962	0.656593	0.5479401	0.5505268
G17	0.081034	0.0886764	0.1439862	0.0611299	0.1032527	0.0636326	0.0830224	0.1098399	0.1131917	0.0887443	0.0902585	0.08089	0.1195469	0.118925	0.0791891	0.0753285	0.1424869	0.0995531	0.0889846	0.0596921	0.09376
G18	0.5260166	0.3575371	0.4208719	0.31206	0.3424706	0.3845352	0.3815244	0.3093295	0.3678726	0.3318097	0.2784127	0.5974463	0.7726773	0.5894489	0.7486871	0.5478197	0.6128256	0.5103029	0.6095309	0.594706	0.6495346
G19	0.3909802	0.3013921	0.4604993	0.3237435	0.3716223	0.3792267	0.2679149	0.2720064	0.1953439	0.3397125	0.2578493	0.2069868	0.1911029	0.2560228	0.2452635	0.1951376	0.2399526	0.2820402	0.4246104	0.4726011	0.3648658
G20	0.6487513	0.6191557	0.6762383	0.645333	0.5157741	0.5899148	0.6007113	0.510264	0.5438057	0.5975428	0.6671576	0.6613132	0.6937603	0.5799416	0.5441852	0.4958751	0.605458	0.6235589	0.6479984	0.5844302	0.6167055
G21	0.0479345	0.0555185	0.073292	0.2608641	0.4745722	0.4088693	0.6144977	0.6226759	0.4525505	0.5136203	0.5783754	0.5539096	0.322413	0.1988231	0.1216532	0.0673002	0.0407961	0.050369	0.0490196	0.0539148	0.0645638
G22	0.3545828	0.4191869	0.2740567	0.3854505	0.3764873	0.4739356	0.4030153	0.3871813	0.3972328	0.3617761	0.2849067	0.2922788	0.317106	0.30874	0.3355807	0.3473139	0.2974645	0.3470286	0.2875237	0.3539327	0.2705708
G23	0.2164379	0.1541941	0.133956	0.188938	0.1555965	0.2048623	0.2916326	0.2665947	0.2964003	0.3632385	0.3098601	0.3889768	0.2852295	0.3262822	0.2170942	0.1242173	0.1817913	0.1544443	0.1589204	0.2007533	0.1289896
G24	0.4758389	0.3686794	0.4164223	0.409074	0.3733945	0.4519807	0.3436585	0.3357191	0.2920002	0.4889052	0.3977091	0.3444645	0.4108173	0.3059394	0.3823185	0.3963067	0.3675905	0.3894528	0.3377878	0.2947411	0.3037595
G25	0.2200877	0.2393375	0.2180197	0.1468821	0.0570409	0.0609308	0.1403163	0.1260785	0.0712431	0.0356761	0.0773727	0.0595124	0.0984582	0.0927581	0.1835138	0.2543802	0.236664	0.3106358	0.2634957	0.2674818	0.3113599
G26	0.1124719	0.0574976	0.0298804	0.0121252	0.0184464	0.0309717	0.0276528	0.0228891	0.0238313	0.0333274	0.050766	0.0976383	0.1310095	0.1058597	0.1622235	0.1320428	0.1265541	0.1290217	0.131682	0.1739232	0.0996262
G27	0.3740638	0.2926924	0.1802283	0.1889402	0.1841535	0.2223785	0.2300766	0.1902728	0.262543	0.2510313	0.1522323	0.2165176	0.2768263	0.2847013	0.1935454	0.2594732	0.3075414	0.2195116	0.3120382	0.3417647	0.2870378
G28	0.2407458	0.1304393	0.0983806	0.0536682	0.1007583	0.0964824	0.104398	0.1124577	0.0551997	0.0593393	0.0425567	0.2928424	0.2166155	0.2670619	0.2560779	0.2934058	0.2404949	0.3354778	0.2642019	0.3063091	0.2638966
G29	0.3021701	0.1373741	0.0439282	0.0590908	0.0276382	0.0084041	0.0034149	0	0.0007693	0.000186	0.0011957	0.1535517	0.2325883	0.2554891	0.3015914	0.483207	0.4586047	0.4041087	0.3364183	0.262801	0.2296456
G30	0.3985919	0.5182377	0.4604045	0.5077255	0.4366845	0.4761058	0.4155573	0.3698874	0.4977128	0.4055118	0.4727173	0.4945961	0.3504002	0.3896328	0.3895996	0.4313562	0.5595437	0.5489997	0.5012428	0.4229673	0.4472176
G31	0.2452917	0.2341478	0.2222214	0.1504422	0.162968	0.1608013	0.2079087	0.198123	0.1459413	0.1251829	0.1375169	0.2224205	0.2238842	0.3016194	0.2549554	0.2875726	0.1757579	0.2448047	0.2998067	0.2454907	0.2575898
G32	0.5947746	0.6527521	0.6418906	0.5640083	0.5964838	0.6068958	0.6457335	0.5957558	0.581757	0.6195174	0.6277732	0.6321132	0.5881894	0.7425442	0.5777405	0.487661	0.5580301	0.6301237	0.5057435	0.496939	0.5887508
G33	0.3419539	0.4011408	0.4945849	0.6775859	0.6437493	0.5630466	0.5770328	0.5696571	0.6801169	0.6601119	0.6589248	0.5697705	0.4406683	0.3592741	0.3955757	0.351352	0.3697326	0.357954	0.4304155	0.3583143	0.3460318
G34	0.4641255	0.256895	0.2893059	0.2646428	0.2282679	0.2918564	0.2574418	0.249456	0.1907754	0.23689	0.2175762	0.5851081	0.5018607	0.5658157	0.6288787	0.5447977	0.5275291	0.552786	0.5814633	0.5852624	0.5175111
G35	0.6454796	0.3428405	0.2384164	0.1641621	0.2006128	0.163843	0.1647221	0.1923012	0.1951449	0.1293942	0.2039008	0.4928677	0.4849932	0.5518495	0.559239	0.5263574	0.7394437	0.6725158	0.7291156	0.6207345	0.5602106
G36	0.1773215	0.2332122	0.2371284	0.3218901	0.2974427	0.3210205	0.3056684	0.308135	0.2317217	0.2469043	0.2906859	0.3196695	0.2553109	0.1729995	0.1363655	0.1773768	0.1759462	0.1605045	0.182959	0.189417	0.2464365
G37	0.5158871	0.5752977	0.3740015	0.1828249	0.2516451	0.255978	0.2708523	0.2040127	0.1523356	0.1218838	0.2102347	0.2750358	0.3861936	0.4463687	0.4202001	0.3728319	0.4218047	0.4224212	0.4336737	0.3781406	0.4968128
G38	0.5728275	0.6039575	0.7584478	0.5378523	0.6399241	0.6667446	0.7017693	0.6983049	0.5759265	0.7126239	0.6190997	0.4991147	0.5832636	0.6154551	0.653105	0.6582751	0.6104591	0.6835	0.684084	0.6870186	0.705294
G39	0.3770528	0.3792665	0.3817497	0.3861559	0.3253582	0.3328243	0.257044	0.3710267	0.4046801	0.3329025	0.3093349	0.4103442	0.305756	0.414005	0.2454921	0.3037325	0.3024782	0.356725	0.3513106	0.374648	0.2665611
G40	0.4481763	0.4548025	0.4314342	0.4568238	0.4715108	0.4017572	0.3910427	0.4773984	0.4816659	0.3802729	0.3684398	0.3342402	0.3593017	0.3582738	0.330183	0.3883912	0.41861	0.3901786	0.4021385	0.4303406	0.3426845
G41	0.2338577	0.4136255	0.4687756	0.4547098	0.5383199	0.5117759	0.5274819	0.5772837	0.5591	0.4609844	0.4847687	0.3556594	0.3956201	0.2646313	0.2628684	0.182121	0.2199979	0.2113779	0.1643635	0.2804244	0.2550909
G42	0.539535	0.493854	0.4703966	0.3685967	0.5547249	0.5341106	0.5102157	0.4503297	0.703173	0.5801325	0.5386433	0.5539118	0.4789819	0.4740527	0.4533462	0.4328521	0.5016804	0.5146337	0.4990609	0.5320645	0.471644
G43	0.4157078	0.3731475	0.3998111	0.3806256	0.4747396	0.4254239	0.4357104	0.4260308	0.507068	0.4106299	0.413153	0.3973189	0.3616342	0.4664284	0.4388705	0.5575666	0.5620446	0.3277665	0.4320259	0.4223392	0.3586137
G44	0.5597244	0.6627141	0.6142868	0.5976226	0.5203518	0.5927973	0.489565	0.5884814	0.5212608	0.6071995	0.630815	0.5437637	0.5118538	0.5230879	0.4750422	0.5406322	0.5702714	0.5422201	0.5856261	0.4961268	0.5319601
G45	0.5126734	0.490315	0.419457	0.5378773	0.6236716	0.6181471	0.6741017	0.59822	0.5732036	0.6648753	0.4827472	0.5439635	0.6075608	0.4892507	0.4890558	0.632907	0.4722237	0.521174	0.5479463	0.4183559	0.5378936
G46	0.1002261	0.148118	0.087119	0.0367942	0.0590489	0.082893	0.0304484	0.0505431	0.0449735	0.035963	0.0500654	0.0659017	0.0923282	0.1507793	0.1221464	0.1245955	0.1438262	0.1558827	0.0788951	0.111546	0.1250988
G47	0.4022367	0.4609938	0.4062269	0.4120451	0.3417659	0.3247302	0.4080663	0.3808431	0.3642512	0.5255234	0.4162464	0.4309597	0.4225862	0.4413666	0.4294048	0.42602	0.3701334	0.2962182	0.3554528	0.3210235	0.2866881
G48	0.0403906	0.0242337	0.0507369	0.0481734	0.0554235	0.0440223	0.0264923	0.0266894	0.0278143	0.0365148	0.0319499	0.0274115	0.0259856	0.0394439	0.0721566	0.0285146	0.035893	0.0528602	0.0243556	0.0377603	0.0365993
G49	0.6686163	0.7131255	0.6118707	0.5997843	0.6404758	0.6925446	0.6971119	0.7111422	0.6627383	0.5958012	0.5705727	0.6590867	0.6146659	0.7168442	0.652907	0.5339682	0.5530856	0.7337478	0.5952718	0.6964076	0.6968323
G50	0.3353813	0.2284755	0.1874856	0.1863001	0.2156407	0.2012692	0.2644125	0.2496308	0.2786846	0.2578086	0.2350639	0.3451552	0.3016823	0.2935552	0.3100731	0.4281284	0.366684	0.3516656	0.3438719	0.3293604	0.2653853
G51	0.601242	0.5148073	0.6131074	0.6326053	0.6152157	0.6676193	0.5893776	0.6686554	0.5895915	0.6118388	0.5596932	0.6526414	0.6021948	0.7058765	0.6458368	0.7118085	0.6259213	0.5524896	0.6357995	0.626549	0.7309049
G52	0.2299902	0.3525537	0.3176884	0.2814876	0.2740856	0.2659967	0.2556666	0.2113035	0.2708033	0.2457578	0.2023864	0.277052	0.3098539	0.3059578	0.3686351	0.2939764	0.3052582	0.2344255	0.2961053	0.2797888	0.2100418
G53	0.0716944	0.0811524	0.1066215	0.1047297	0.0961362	0.1502104	0.070807	0.0342065	0.0756069	0.0790448	0.0809342	0.0973726	0.0702172	0.0758479	0.0928797	0.1121381	0.1157402	0.1314311	0.0970998	0.0382126	0.0720832
G54	0.3114669	0.2940174	0.2246762	0.2804038	0.3851918	0.4389597	0.3826328	0.4172453	0.4391808	0.4011942	0.4028117	0.4143716	0.3441053	0.3299156	0.3107687	0.302155	0.289091	0.2994345	0.3322717	0.3887569	0.3231456
G55	0.2930988	0.1111966	0.1242804	0.2223288	0.1389995	0.14994	0.1104229	0.0900349	0.0965282	0.0932903	0.1306309	0.2427724	0.3009957	0.3305843	0.3049667	0.3496495	0.2565387	0.2408314	0.2829764	0.2380532	0.1844853
G56	0.2114033	0.2661807	0.1824443	0.2710797	0.1422215	0.1252085	0.2223259	0.1622273	0.1188345	0.1367039	0.1594375	0.1275614	0.1967723	0.2370969	0.1789342	0.2184754	0.1965867	0.1711652	0.2237801	0.2188939	0.193888
G57	0.2643522	0.2924628	0.2266851	0.290229	0.2072861	0.1757828	0.1471927	0.1955541	0.1865069	0.1212197	0.1525399	0.2238186	0.3680268	0.2595835	0.2482277	0.2262224	0.3329882	0.2117081	0.2669547	0.260917	0.1744862
G58	0.0289423	0.044328	0.0161102	0.0194989	0.0214023	0.0309858	0.0386771	0.0758882	0.0253081	0.0508144	0.0301177	0.019684	0.0394525	0.0221275	0.0082753	0.0109557	0.0007188	0.0069736	0.0025097	0.0034573	0.0153526
G59	0.2397645	0.3205552	0.4626954	0.6242299	0.5330761	0.4855584	0.5410795	0.572725	0.4669772	0.629729	0.5411805	0.25977	0.1651476	0.1524989	0.1995975	0.2179353	0.1564701	0.1886806	0.1880357	0.2707875	0.2553262
G60	0.1070596	0.190233	0.2681764	0.4109519	0.3049954	0.3349045	0.3508277	0.3164139	0.3588966	0.3157571	0.3352743	0.1875555	0.090219	0.071909	0.0997874	0.0899345	0.0605188	0.0667746	0.0883657	0.096014	0.0694918
G61	0.3689724	0.395197	0.3415307	0.343041	0.3461675	0.3417654	0.3202124	0.2459084	0.3247604	0.3347665	0.3290392	0.319353	0.4230289	0.255981	0.2563341	0.3125565	0.3749412	0.3118781	0.2562436	0.3227039	0.2386522
G62	0.5057984	0.0999011	0.0347049	0.038745	0.0295805	0.0298474	0.0287875	0.0313673	0.0497389	0.0190968	0.0252745	0.4307624	0.712804	0.5856901	0.495511	0.5116261	0.4290747	0.4601423	0.4364326	0.4597609	0.6193742
G63	0.5410356	0.6398306	0.5637802	0.6910559	0.5673971	0.5993163	0.614021	0.5551684	0.5533838	0.6271882	0.5316849	0.634933	0.6787866	0.5899038	0.6630735	0.6322763	0.5773148	0.5633745	0.4994783	0.6141208	0.5096143
G64	0.4370181	0.3896734	0.4621179	0.4780054	0.5837704	0.4375329	0.455606	0.5133179	0.3736509	0.4263491	0.4426554	0.4127605	0.4088726	0.4304451	0.4963182	0.4808256	0.4084361	0.5300575	0.4392432	0.4774091	0.4318203
G65	0.1893064	0.1302624	0.1713649	0.193962	0.1827224	0.1442742	0.1632916	0.1667023	0.1519232	0.1738916	0.1714533	0.1864375	0.1560279	0.1749355	0.1885213	0.1635438	0.1475816	0.1663575	0.1855393	0.2266	0.1894701
G66	0.7024582	0.3674204	0.2869422	0.2160072	0.2406712	0.2066172	0.1616153	0.2344041	0.2026987	0.185448	0.2650821	0.3795069	0.5284888	0.5997951	0.5967493	0.6366943	0.6282646	0.6275938	0.512319	0.542727	0.5950688
G67	0.3581775	0.3953055	0.4497112	0.4523757	0.4294794	0.4565488	0.5311787	0.4610339	0.506893	0.5207351	0.4729047	0.5623672	0.427113	0.4411916	0.3844104	0.3694263	0.4429175	0.3984615	0.3834777	0.4035857	0.353136
G68	0.5422984	0.5782718	0.4562178	0.3628942	0.332278	0.4345526	0.3106956	0.4377247	0.4073276	0.3335849	0.3853642	0.4568363	0.4679255	0.4484306	0.5691084	0.6289239	0.5704508	0.5643024	0.5849003	0.5666585	0.5665324
G69	0.3006244	0.247826	0.3080769	0.2362738	0.1893774	0.1755718	0.1679428	0.1152621	0.170073	0.160813	0.1806639	0.1556418	0.1396418	0.2143948	0.2827202	0.3354749	0.3472407	0.3371191	0.301215	0.3767639	0.3162934
G70	0.2543006	0.3010928	0.3146357	0.256637	0.2626324	0.303681	0.2032161	0.3207835	0.2934677	0.2522148	0.3405677	0.3166589	0.2238449	0.3532106	0.3260329	0.2967783	0.2070835	0.2869256	0.2575785	0.3187031	0.3278638
G71	0.234258	0.2699149	0.2748116	0.409796	0.3912105	0.2834609	0.3468448	0.3360891	0.3383069	0.3232	0.274656	0.383193	0.2227128	0.1980332	0.238722	0.2374115	0.3395316	0.1859266	0.3127255	0.245272	0.2412425
G72	0.2170295	0.1495675	0.1753086	0.2574685	0.1730063	0.1501793	0.196813	0.1986991	0.1358717	0.1337812	0.1042162	0.1828683	0.1776711	0.2468848	0.196452	0.2575052	0.2219743	0.2768061	0.2149538	0.2153719	0.220681
G73	0.4627653	0.5070011	0.3753579	0.3594685	0.4096633	0.3598292	0.3378791	0.3284897	0.360052	0.4191562	0.3267553	0.4436713	0.4092266	0.5275518	0.5233372	0.3892752	0.4318034	0.4687295	0.5082998	0.3705525	0.4499044
G74	0.056275	0.0238549	0.0168573	0.0011761	0.0022649	0.0047672	0.0127102	0.0019587	0.0010174	0.0014982	0	0.0898448	0.1183311	0.1131577	0.1224137	0.1072546	0.0712952	0.0750984	0.0507524	0.0691904	0.0723986
G75	0.1447114	0.2449259	0.2222797	0.2278395	0.2003772	0.1953152	0.1155796	0.1357644	0.2463287	0.1414726	0.1743537	0.1968303	0.1656007	0.1027594	0.1381804	0.1103578	0.1224474	0.2029807	0.1979589	0.1264659	0.1379529
G76	0.5908024	0.4643547	0.5445352	0.6204702	0.6398299	0.6324533	0.5641385	0.471785	0.5504593	0.4938997	0.4972937	0.4473444	0.4886112	0.4735576	0.6313474	0.483848	0.5950934	0.4673897	0.5200558	0.4883472	0.4335584
G77	0.0489155	0.0623233	0.051291	0.0649876	0.1130677	0.0863083	0.04743	0.0613993	0.0929209	0.0983247	0.074721	0.0902221	0.1147479	0.1112163	0.1331924	0.0834232	0.0674245	0.0936402	0.0801357	0.055596	0.0502897
G78	0.3106076	0.2885811	0.3389188	0.2563577	0.3499688	0.2500688	0.312622	0.2706215	0.3214251	0.2786094	0.2963238	0.2994364	0.2844532	0.2847519	0.2667794	0.2632376	0.2670863	0.3536656	0.3002094	0.2344971	0.3432284
G79	0.2667088	0.2009458	0.2222122	0.1966477	0.2749348	0.1617708	0.2199229	0.2839797	0.2902911	0.2354377	0.3157569	0.3147865	0.3550785	0.3727069	0.318537	0.2824153	0.2969558	0.2771601	0.2838894	0.2191512	0.3186735
G80	0.6219458	0.542011	0.5698082	0.5715426	0.6178456	0.7126569	0.5790446	0.6151504	0.6350594	0.5709316	0.6567356	0.6003292	0.6633699	0.6497619	0.5633764	0.6576452	0.5668044	0.6614259	0.5397115	0.7577603	0.8042172
G81	0.2115435	0.3711437	0.2744518	0.2947405	0.3174098	0.3462399	0.2621281	0.2551184	0.340598	0.4315481	0.3712677	0.1590187	0.1951747	0.1723626	0.167338	0.2519461	0.2224953	0.2444672	0.1679511	0.1356675	0.1633035
G82	0.3138648	0.4605039	0.5155621	0.47445	0.4315802	0.4512248	0.4617961	0.4376902	0.6409095	0.480198	0.4734964	0.3733706	0.2910457	0.2991097	0.377108	0.3167065	0.2444373	0.3305255	0.2786605	0.2398201	0.3068404
G83	0.0038203	0.0129467	0.0150859	0.0101035	0.0205429	0.0274179	0.0419122	0.3613703	0.3330709	0.595703	0.5290994	0.3910032	0.2782884	0.0933761	0.0844755	0.0131344	0.0135756	0.0132728	0.0088721	0.0155891	0.0074327
G84	0.1515909	0.3284036	0.4572312	0.49128	0.4923032	0.5656138	0.5860561	0.5661642	0.7083823	0.6337914	0.6846772	0.5686552	0.5561066	0.5617676	0.2754843	0.1647425	0.0523116	0.1203992	0.2229502	0.1986999	0.1874155
G85	0.5760939	0.6864537	0.7442087	0.7088416	0.6539649	0.5583585	0.6443341	0.6475697	0.6342354	0.6424093	0.6923518	0.7169147	0.625487	0.5310559	0.6383627	0.6399412	0.6899536	0.6899447	0.6171818	0.5851919	0.5992132
G86	0.7735937	0.1290663	0.0530652	0.0179423	0.009646	0.0312225	0.028844	0.0351393	0.0387897	0.0403432	0.0323144	0.5168351	0.560399	0.5858223	0.6023583	0.5095989	0.6626902	0.6168078	0.6022491	0.5436028	0.628268
G87	0.1908913	0.2526063	0.2012058	0.1657076	0.1797518	0.1114298	0.2047787	0.1373501	0.1062924	0.1060985	0.0735099	0.1345265	0.1573451	0.1713553	0.1522196	0.1374355	0.1617514	0.1018596	0.1215366	0.2781399	0.2096523
G88	0.3350604	0.2492221	0.2885687	0.2820347	0.2035751	0.2539518	0.2792759	0.35341	0.3757246	0.3087864	0.2424815	0.2367278	0.2920653	0.2868385	0.2683151	0.3922758	0.4145377	0.393317	0.2643959	0.3336863	0.2817691
G89	0.2851864	0.4290085	0.4002741	0.5045781	0.44843	0.5278421	0.5051761	0.4279509	0.5041662	0.4646954	0.5048498	0.4241602	0.479751	0.3707784	0.3470527	0.2905768	0.3692481	0.388916	0.5003539	0.3873188	0.5445291
G90	0.0760392	0.0256438	0.0229539	0.0203502	0.0187399	0.0131817	0.0061108	0.0099777	0.0115238	0.0281603	0.0527545	0.0627919	0.0363481	0.0456899	0.0516296	0.0538903	0.0296697	0.0342491	0.0412447	0.0598672	0.0608577
G91	0.6227545	0.5119886	0.5826804	0.6204705	0.6642141	0.6903371	0.6542318	0.6278055	0.5760852	0.5566721	0.7066886	0.7330521	0.6278241	0.7094634	0.6840315	0.6618272	0.5454533	0.6363988	0.632116	0.6422394	0.5493465
G92	0.6589882	0.5216638	0.5913199	0.6498417	0.6698077	0.661888	0.6396996	0.5455999	0.6488577	0.6130341	0.6162508	0.6083214	0.4607711	0.6388686	0.6915559	0.5600575	0.7287082	0.6269953	0.658594	0.5587446	0.5615956
G93	0.5836629	0.5648675	0.6421414	0.5130682	0.5603201	0.5174204	0.5476844	0.6166996	0.534003	0.575999	0.6013786	0.6813052	0.5853428	0.5452227	0.6472166	0.4755707	0.5665386	0.573025	0.6462492	0.4690823	0.5737451
G94	0.6817349	0.6156909	0.578438	0.6330345	0.5630517	0.5522699	0.6561343	0.6751003	0.6787197	0.5577263	0.5757483	0.6294424	0.8373753	0.6235673	0.6003698	0.5647763	0.8000203	0.5590549	0.5825375	0.6123157	0.5753247
G95	0.247012	0.4664603	0.4532782	0.4809169	0.507295	0.4719856	0.5934908	0.5340093	0.4988129	0.5339033	0.5261158	0.5254282	0.3146399	0.3117339	0.2626095	0.2333344	0.2465262	0.2196568	0.2582382	0.1992412	0.193994
G96	0.7095619	0.6583248	0.5329687	0.588426	0.5839333	0.6111855	0.7977996	0.6739389	0.6160074	0.6130312	0.6294081	0.7588385	0.7805227	0.780574	0.7317359	0.553535	0.5131455	0.6906097	0.8096832	0.7619042	0.5424037
G97	0.6515125	0.6421594	0.6263417	0.6348174	0.5590447	0.7288008	0.6514758	0.7052508	0.4841289	0.5878947	0.6547881	0.5674204	0.5422196	0.6826475	0.6922641	0.5499162	0.5335896	0.524374	0.5817718	0.5779519	0.5699696
G98	0.1266357	0.0370041	0.0467421	0.030055	0.0397612	0.026359	0.0344738	0.0289813	0.0267464	0.0258369	0.0283059	0.1031516	0.1046834	0.1096501	0.0973972	0.0799766	0.1085005	0.1107668	0.1067846	0.0748724	0.1350308
G99	0.4976308	0.592466	0.6047313	0.6376779	0.6464403	0.6064072	0.6657012	0.6583614	0.5921785	0.5875354	0.7403804	0.7811755	0.7073654	0.6157821	0.6193476	0.5632961	0.6250339	0.6415514	0.7007587	0.567958	0.6056063
G100	0.622294	0.2393754	0.1926359	0.163964	0.1448496	0.1360659	0.1514273	0.1519376	0.149577	0.1524212	0.2079069	0.5831272	0.630789	0.6053953	0.7027464	0.6375366	0.6093725	0.6424202	0.764458	0.7234072	0.5499449
