ID	0	50	100	150	200	250	300	350	400	450	500	550	600	650	700	750	800	850	900	950	1000
G1	0.4654855	0.531358	0.6067616	0.4434879	0.343473	0.1856024	0.0908283	0.128017	0.0462307	0.0474337	0.0914937	0.0554268	0.137222	0.2536405	0.4165367	0.5824103	0.6885811	0.4184568	0.4024184	0.3360602	0.5342569
G2	0.1082581	0.0876571	0.1059415	0.059098	0.0918597	0.1243403	0.1168148	0.1379061	0.2302212	0.1352334	0.2382737	0.2750021	0.329714	0.2821622	0.2315751	0.1303635	0.0791624	0.0837123	0.0844198	0.0604879	0.1254397
G3	0.0559162	0.0696379	0.0651916	0.1105534	0.1927387	0.2379016	0.2904179	0.3761806	0.2713871	0.4005363	0.23508	0.1477245	0.0626163	0.0147478	0.0361999	0.0401965	0.0733847	0.0958497	0.059451	0.0620437	0.0403203
G4	0.0271906	0.0214988	0.0101163	0.0095713	0.0171386	0.0756861	0.1877113	0.3450804	0.4664822	0.5176065	0.508288	0.5887771	0.4293055	0.2390364	0.1011957	0.0391197	0.0012718	0.0018858	0.0132482	0.0324641	0.0015258
G5	0.3301459	0.3092792	0.2288075	0.2187608	0.2847304	0.3165643	0.4454132	0.3947722	0.4556386	0.530102	0.6012598	0.4095799	0.3451388	0.3148604	0.342339	0.2248473	0.206918	0.2025722	0.2437521	0.1859639	0.1996163
G6	0.4374411	0.5088414	0.4928792	0.5005214	0.4587709	0.4231514	0.4661283	0.6371839	0.5767572	0.6144987	0.4919398	0.559978	0.7351385	0.5063792	0.5116096	0.562725	0.4314326	0.4315196	0.5145188	0.4948592	0.4954402
G7	0.274832	0.4581476	0.4991187	0.5016249	0.5538201	0.4958424	0.563068	0.5185062	0.597085	0.599153	0.5948238	0.3995628	0.346719	0.2795594	0.2064959	0.2818871	0.2803648	0.3050001	0.3430618	0.3335279	0.2775108
G8	0.0502692	0.0685585	0.0300969	0.0379173	0.0259524	0.0881836	0.1717432	0.289722	0.205068	0.2190548	0.3913931	0.2860014	0.2779844	0.1242223	0.0914708	0.0856749	0.0321237	0.0279406	0.0271262	0.0365497	0.0326651
G9	0.2807098	0.2929028	0.2657588	0.2628297	0.2225106	0.254122	0.2533887	0.2816606	0.2721425	0.2487294	0.3331774	0.4729394	0.3728957	0.4791165	0.4063429	0.369115	0.4180744	0.3281506	0.2334929	0.2526559	0.3870196
G10	0.199729	0.0592534	0.0072187	0.0096582	0.0015861	0.0012419	0.0011725	0	0.002961	0.0006345	0.0006946	0.1149062	0.1402489	0.2346034	0.215875	0.1704368	0.1401925	0.2099433	0.1289053	0.1981659	0.1482117
G11	0.4401519	0.3831135	0.4617157	0.3221097	0.3924807	0.3901589	0.3813878	0.432531	0.3211563	0.4510317	0.3109961	0.3927675	0.4307854	0.477347	0.4059581	0.3611561	0.4266074	0.3224745	0.4126166	0.5378081	0.3930163
G12	0.5626237	0.5761291	0.5191236	0.5445702	0.5793845	0.4372934	0.5567592	0.4390239	0.4499548	0.5068428	0.4235263	0.7384722	0.6262241	0.7259552	0.6509812	0.5972111	0.567309	0.5926628	0.5573437	0.647146	0.6093424
G13	0.2607037	0.3382057	0.1986545	0.1712041	0.1695305	0.1054495	0.0864285	0.058223	0.0597011	0.04306	0.0247025	0.0634895	0.1455796	0.1893141	0.1595809	0.2693255	0.2658844	0.3228195	0.2590148	0.1894032	0.2500876
G14	0.1086913	0.095807	0.0770467	0.0290274	0.0279728	0.028554	0.0214362	0.016416	0.0086479	0.0231744	0.012505	0.042636	0.0214562	0.0494923	0.0713898	0.1054835	0.1135599	0.1091178	0.0956732	0.1573883	0.0680983
G15	0.3994196	0.3271848	0.3144403	0.2833301	0.3516575	0.2570474	0.2170752	0.3071401	0.2815689	0.4506768	0.4641627	0.6120684	0.4451793	0.5411018	0.5590072	0.4841891	0.4043449	0.475629	0.4827983	0.5404754	0.4878312
G16	0.6502727	0.6645725	0.6732261	0.7089117	0.7426656	0.6379422	0.6368173	0.598489	0.473816	0.3044288	0.1353682	0.124631	0.4119687	0.5557059	0.5990265	0.6823663	0.628497	0.6128328	0.7298983	0.7014345	0.8147614
G17	0.0555331	0.0176262	0.0047821	0.0024959	0.0378287	0.0567006	0.0317116	0.0609283	0.1449365	0.209783	0.2518204	0.3880092	0.3112661	0.302759	0.255001	0.1673687	0.0664348	0.1258426	0.1170046	0.0926749	0.149471
G18	0.6419213	0.6331645	0.7502791	0.653744	0.6018846	0.7214232	0.5380369	0.588159	0.6330775	0.6395221	0.6274951	0.7871278	0.6273795	0.6959237	0.5884438	0.5562929	0.6688241	0.7905796	0.6785117	0.5285697	0.611662
G19	0.3713558	0.3797441	0.301168	0.2676676	0.0977615	0.0519369	0.0510507	0.0309268	0.0173698	0.0160741	0.0176759	0.0467912	0.0213691	0.0611514	0.0940431	0.1209737	0.2870616	0.3009017	0.3090241	0.2509549	0.1636631
G20	0.5986898	0.516324	0.6178995	0.4638298	0.5788077	0.4244196	0.5494763	0.5356795	0.4836146	0.4596008	0.5105059	0.5874329	0.6073635	0.6007678	0.5602742	0.6554595	0.6522411	0.7666807	0.6045417	0.5719922	0.5881929
G21	0.1025745	0.0898328	0.1184589	0.0989916	0.1405236	0.0530983	0.0792235	0.165115	0.5870395	0.5184433	0.7155579	0.543374	0.5580183	0.1924473	0.166646	0.1188339	0.0770758	0.0415551	0.0476323	0.0479247	0.0627904
G22	0.3700309	0.3556257	0.3796124	0.4484969	0.3635875	0.3153274	0.3987312	0.3629913	0.3372993	0.408329	0.3002848	0.281325	0.2568324	0.3846549	0.3490302	0.4333067	0.3007807	0.3934584	0.3402525	0.3614054	0.379344
G23	0.2206934	0.539712	0.5782713	0.6275973	0.6694071	0.5895333	0.5986634	0.5817033	0.6598555	0.609204	0.6168707	0.252436	0.1776335	0.1867029	0.1445908	0.1952691	0.148873	0.1599371	0.1777485	0.2187867	0.1619728
G24	0.382018	0.4359185	0.3488396	0.3479227	0.3886825	0.3350898	0.2822351	0.4003039	0.451389	0.3425734	0.354488	0.3537086	0.2962989	0.3510314	0.4260925	0.4648387	0.3648795	0.4299332	0.4366337	0.3056542	0.3352933
G25	0.2106682	0.2708841	0.1413053	0.0760283	0.0604999	0.0877729	0.0956805	0.0942162	0.0987405	0.0464102	0.126193	0.0651466	0.0980346	0.1716841	0.200448	0.2506651	0.3284162	0.3551837	0.4149882	0.3177977	0.2754924
G26	0.1378232	0.1502521	0.1218112	0.074519	0.1308764	0.1162086	0.0979692	0.1143603	0.1479053	0.1059757	0.148549	0.119598	0.1824288	0.2092428	0.2368636	0.1779669	0.141958	0.1636539	0.0988785	0.1017636	0.1224962
G27	0.2951986	0.2714424	0.3482586	0.3409548	0.3962587	0.3131812	0.3377543	0.3857562	0.2790376	0.3693257	0.2848197	0.2923047	0.4017748	0.331424	0.3498472	0.313665	0.2980784	0.4134513	0.3604692	0.2533321	0.3306217
G28	0.2358956	0.2635127	0.2712673	0.2774511	0.2803121	0.3172201	0.1938571	0.2520164	0.3405517	0.2364821	0.2334134	0.2281139	0.2182867	0.2439521	0.2242048	0.2671415	0.2105549	0.2154635	0.2044516	0.2416814	0.3245117
G29	0.3126197	0.2504272	0.2716996	0.2813996	0.2724118	0.2191418	0.2786341	0.2085332	0.1985267	0.2444651	0.23436	0.2328884	0.2229743	0.2876918	0.2359815	0.3508242	0.375457	0.3779218	0.2116583	0.255184	0.404521
G30	0.4365545	0.6427155	0.6784134	0.5744246	0.6487621	0.6731001	0.6145331	0.6443827	0.6611223	0.523448	0.6315561	0.4522154	0.5376836	0.4500948	0.4310473	0.4554898	0.4528403	0.5442089	0.4847611	0.464283	0.4807526
G31	0.2933666	0.2396798	0.2953745	0.2853227	0.3411915	0.2917721	0.2939193	0.3763792	0.2598853	0.2755859	0.3913503	0.3092383	0.3038433	0.2696907	0.2619044	0.1892883	0.251186	0.27787	0.2469928	0.2582439	0.2372434
G32	0.6017276	0.6588621	0.5986232	0.5557175	0.6235419	0.5581278	0.6115641	0.6549088	0.6537196	0.6361783	0.5519796	0.50188	0.6954687	0.6575321	0.6302087	0.611069	0.5994405	0.5132102	0.5248115	0.5343516	0.520041
G33	0.3373568	0.5805274	0.3198602	0.4362736	0.411388	0.47983	0.3857317	0.4776141	0.3964415	0.4911181	0.3869956	0.3801011	0.5130473	0.4731644	0.4419027	0.4429137	0.3635762	0.3738358	0.4917478	0.5018699	0.4661128
G34	0.5345948	0.5901775	0.510682	0.5077958	0.6344491	0.6147582	0.5174659	0.5909825	0.5143119	0.6430579	0.6904541	0.5674509	0.484949	0.5526248	0.5188381	0.5943768	0.6596992	0.514563	0.5668608	0.5496947	0.494807
G35	0.6801474	0.3605672	0.2221983	0.2516408	0.2008716	0.2261746	0.242733	0.2214184	0.2020392	0.2165134	0.1866772	0.5725965	0.604019	0.5998269	0.498594	0.6319556	0.6475732	0.6712177	0.6678345	0.6628067	0.6662577
G36	0.1925533	0.2127264	0.2110463	0.1891393	0.230043	0.3231923	0.3648626	0.4526227	0.4732989	0.4301612	0.4185884	0.396723	0.5272366	0.3513412	0.4110145	0.399527	0.3499551	0.3106198	0.3172684	0.3452176	0.1979139
G37	0.4845947	0.4029935	0.3145386	0.2171159	0.1564854	0.1588088	0.1909945	0.1789286	0.1521023	0.1483134	0.1393556	0.1757978	0.280908	0.4853941	0.3454587	0.3681606	0.4055603	0.4228209	0.4115419	0.445161	0.4140322
G38	0.6065902	0.7292239	0.6015295	0.6843191	0.6872959	0.6603412	0.6531756	0.8422362	0.7703443	0.5891146	0.5825801	0.6624109	0.5357521	0.5991068	0.5872095	0.5966747	0.6896641	0.625643	0.6314819	0.6150237	0.6230068
G39	0.3300007	0.3839271	0.2963554	0.4008915	0.4070733	0.4278217	0.4414032	0.3193371	0.4311288	0.3573971	0.4310152	0.3665968	0.4025954	0.4290862	0.4414081	0.3481606	0.3920999	0.4738243	0.3893733	0.3540087	0.4166211
G40	0.3853402	0.5355243	0.4752028	0.5293098	0.4851137	0.4738098	0.4698382	0.360333	0.5565017	0.5051128	0.4036894	0.1922567	0.2001151	0.2833551	0.3120006	0.4162892	0.3481017	0.3900424	0.3776472	0.3763829	0.3424068
G41	0.2452807	0.3465567	0.4492867	0.5657292	0.6267076	0.5354618	0.5888833	0.5477178	0.6315802	0.4933673	0.6566788	0.4425813	0.2742791	0.2509007	0.1321387	0.2815753	0.288017	0.1828748	0.2523745	0.2046034	0.180469
G42	0.551287	0.5187696	0.5563371	0.3954437	0.5208469	0.5020668	0.5866781	0.5561172	0.4653496	0.4457314	0.4959435	0.4299262	0.4554783	0.548802	0.5891706	0.5204882	0.4561332	0.554108	0.4048662	0.5289144	0.5693495
G43	0.378281	0.4465565	0.3061168	0.3794843	0.4184341	0.343508	0.3943212	0.3955091	0.3707266	0.3673208	0.3755344	0.4471895	0.4192953	0.4067167	0.4434292	0.4209858	0.3408557	0.4026952	0.3728427	0.308688	0.5444695
G44	0.5127151	0.6260964	0.5804121	0.4964714	0.569067	0.5919486	0.5457579	0.559184	0.5156065	0.514649	0.4596925	0.5584322	0.5629085	0.6333678	0.5048604	0.5643561	0.5254951	0.5376966	0.4264962	0.4720424	0.4831284
G45	0.5576094	0.3266375	0.2851912	0.2781415	0.2581138	0.2373691	0.2458477	0.1983017	0.196163	0.2377252	0.2020924	0.3624446	0.4607863	0.4105683	0.4699803	0.5455502	0.4906917	0.4224126	0.546279	0.4162121	0.5093644
G46	0.1352734	0.0694452	0.0714092	0.100351	0.1131466	0.186281	0.1110759	0.0683441	0.0665844	0.0894892	0.0979865	0.0972403	0.1484156	0.0907546	0.1392486	0.1159817	0.1579352	0.204786	0.145988	0.0895376	0.0638004
G47	0.4547057	0.3971491	0.2989745	0.4224525	0.331224	0.3288822	0.3439904	0.4060888	0.3429949	0.2731516	0.370079	0.266798	0.2604989	0.2173181	0.2747296	0.2988882	0.2322479	0.3290316	0.408431	0.291584	0.3425367
G48	0.0308791	0.0296275	0.0375376	0.0481857	0.0427524	0.0377189	0.0337602	0.0497159	0.0124115	0.0209459	0.0232274	0.024404	0.0194964	0.0479108	0.0618246	0.0521802	0.0563063	0.0486318	0.0520461	0.0250599	0.0245464
G49	0.6125533	0.6166811	0.6657582	0.6831776	0.5755081	0.5603002	0.6831978	0.6539234	0.6955048	0.7818191	0.7281889	0.6645363	0.6237666	0.6549932	0.6805702	0.6668567	0.6944857	0.6369021	0.4473179	0.5702275	0.6059561
G50	0.2583934	0.1694475	0.1023082	0.0643434	0.0876456	0.1389129	0.108846	0.0873097	0.0662073	0.0461562	0.0533971	0.2718607	0.2855613	0.3379278	0.2681487	0.2511884	0.3234399	0.2809114	0.2993165	0.2991568	0.3493744
G51	0.6997676	0.7438216	0.7321843	0.6221365	0.7805974	0.8369846	0.639664	0.7025859	0.5754397	0.484559	0.544915	0.6490612	0.5223716	0.4590231	0.5362631	0.6210114	0.6950842	0.6788751	0.6691888	0.5995033	0.5566003
G52	0.2565517	0.1282624	0.1268683	0.1040998	0.1181817	0.087359	0.0673725	0.0544104	0.0302806	0.0566835	0.0348161	0.2076467	0.2262694	0.3615548	0.2673092	0.3136139	0.3772823	0.249235	0.2354032	0.2394841	0.2457356
G53	0.0676649	0.045098	0.0482756	0.0344559	0.0191265	0.0398861	0.0561371	0.0550694	0.0370934	0.0807626	0.0551775	0.1071996	0.1680722	0.2136528	0.1819966	0.1716284	0.1302659	0.0535024	0.0677644	0.0644989	0.0588459
G54	0.2719639	0.4933399	0.5484346	0.6285873	0.6399559	0.5640695	0.5772627	0.5654556	0.5456693	0.6647183	0.5240529	0.3832627	0.2369511	0.2409315	0.2054962	0.2279706	0.2734509	0.2643103	0.3290614	0.3141969	0.3443962
G55	0.2735522	0.2749695	0.2679208	0.2540251	0.2824982	0.189575	0.2194263	0.2006495	0.2103104	0.2583794	0.19825	0.2451683	0.2976461	0.5139738	0.4601523	0.2811093	0.3327932	0.2768696	0.2698954	0.2871984	0.3287589
G56	0.2576522	0.2041805	0.1923318	0.2628032	0.292497	0.3122836	0.2825542	0.298016	0.3607286	0.3779977	0.3601172	0.4347457	0.4234689	0.4503365	0.3993979	0.2836698	0.3323935	0.2885974	0.2691208	0.2764998	0.3040194
G57	0.254158	0.1917583	0.1487011	0.0921442	0.0874467	0.0619989	0.0962461	0.0869354	0.1437937	0.1304171	0.1457357	0.2072976	0.4022451	0.4972485	0.4447158	0.3935012	0.3093818	0.2541682	0.3504906	0.2984721	0.3056659
G58	0.0051571	0.1790592	0.1445021	0.2043262	0.2043461	0.1715204	0.2177973	0.1852291	0.2628169	0.2283208	0.1778919	0.0180603	0.0106401	0.003722	0.0010247	0.0063319	0.0038695	0.0045093	0.0052323	0.0056671	0.0051681
G59	0.1915611	0.2044456	0.2541952	0.3869589	0.3331027	0.2727151	0.3212855	0.2523769	0.2253441	0.2437823	0.2431138	0.2495921	0.1081063	0.0845166	0.1296049	0.1135488	0.1574489	0.2382494	0.2742387	0.1980055	0.2529596
G60	0.0514569	0.1257587	0.1101998	0.1225056	0.1069985	0.0961539	0.1260032	0.1407561	0.1427063	0.1276074	0.0995503	0.0920782	0.0531438	0.0541236	0.0560132	0.055452	0.0834551	0.0813055	0.0961875	0.1118147	0.1230554
G61	0.3267685	0.2504172	0.2182072	0.2245818	0.1842895	0.2345063	0.3162632	0.3498357	0.2194795	0.3584133	0.2105883	0.3093915	0.3544595	0.4970333	0.4003772	0.4117114	0.3032642	0.2698382	0.2848849	0.3009226	0.3042948
G62	0.541675	0.4668979	0.5017478	0.5433614	0.6190033	0.4643881	0.520474	0.5282778	0.5124439	0.4942231	0.4262173	0.4864628	0.494864	0.5194293	0.4974761	0.4732565	0.5112302	0.4657371	0.4449088	0.3806106	0.5764833
G63	0.5648328	0.467686	0.5089621	0.5088732	0.4754152	0.5035176	0.4429913	0.4466707	0.4417957	0.4926723	0.3864163	0.6507845	0.608654	0.5884805	0.4493919	0.6290982	0.5539556	0.4712139	0.6134663	0.6182683	0.6101549
G64	0.5265212	0.4806692	0.5989771	0.4660028	0.4977268	0.4437148	0.5013294	0.5577007	0.4520668	0.522969	0.5109841	0.5125754	0.4216265	0.5153026	0.4207246	0.5794602	0.4752491	0.5878888	0.5816224	0.5751719	0.5472681
G65	0.1373817	0.2501391	0.1572044	0.1594424	0.1437558	0.2218553	0.1988622	0.1606669	0.1417593	0.1360659	0.180058	0.1776584	0.1882369	0.1428177	0.1795138	0.2257408	0.1750765	0.2610774	0.2013691	0.1853652	0.1894717
G66	0.6464623	0.4966881	0.5607655	0.7357309	0.5886974	0.596534	0.6687494	0.565246	0.4927926	0.5674737	0.5398003	0.5327362	0.6888687	0.6184545	0.5985758	0.6825855	0.6773196	0.6499478	0.6407798	0.627724	0.6300815
G67	0.2868822	0.4043742	0.3285823	0.5292763	0.3431613	0.3545087	0.3257165	0.4064656	0.2570696	0.2123197	0.2030996	0.28182	0.179565	0.2118722	0.2407774	0.1861006	0.228818	0.3342848	0.3200465	0.2753371	0.3993162
G68	0.5458441	0.3582081	0.2628584	0.2345531	0.2275321	0.2533778	0.3172653	0.2309094	0.2347545	0.2374031	0.2309963	0.381237	0.4328434	0.3811252	0.5155486	0.3650544	0.4222162	0.4131872	0.4415271	0.3654621	0.3960216
G69	0.2574721	0.357388	0.2930278	0.3727032	0.4179457	0.5545819	0.6495365	0.554714	0.587234	0.5703831	0.4991324	0.5261555	0.5010654	0.3380908	0.4046068	0.2918968	0.3624397	0.4512377	0.3873455	0.3915039	0.2737295
G70	0.2965997	0.2910305	0.3194778	0.4161146	0.4798618	0.4099995	0.6055371	0.5311814	0.5655183	0.6234521	0.4825676	0.5041965	0.440662	0.3863104	0.3561254	0.3325389	0.2456769	0.2451452	0.3044955	0.3592956	0.3088266
G71	0.4018808	0.3342474	0.2469393	0.2327321	0.2673369	0.2430152	0.3535516	0.3071489	0.2528852	0.3147867	0.2658499	0.2781981	0.3421177	0.295543	0.280325	0.2028825	0.2254514	0.2684296	0.2965173	0.2763091	0.2421
G72	0.3455029	0.3075766	0.2566635	0.3092316	0.2647916	0.3569532	0.3407654	0.3092769	0.3466323	0.2817109	0.3252223	0.2049069	0.3058561	0.2604598	0.2711376	0.2354183	0.1630684	0.2085604	0.2222657	0.1727415	0.1967793
G73	0.5140604	0.4235944	0.4813082	0.449273	0.4808687	0.476175	0.5365691	0.4354152	0.4653155	0.4549466	0.4667089	0.5960939	0.5201458	0.4648894	0.5549909	0.4605818	0.5206527	0.5266405	0.5446774	0.5982036	0.5136333
G74	0.15514	0.1011349	0.1595454	0.1063779	0.0932556	0.0841928	0.0608565	0.0429636	0.0850459	0.1234997	0.0997833	0.0998684	0.1003633	0.0769074	0.0815067	0.0532857	0.0527272	0.048306	0.0136374	0.0390472	0.0757819
G75	0.1962662	0.3409012	0.4612374	0.385181	0.4003495	0.4093451	0.3717221	0.3575097	0.4552466	0.4453437	0.4039018	0.1959307	0.1395869	0.1728746	0.1463093	0.1308354	0.1723645	0.1470619	0.1426049	0.1353062	0.1978393
G76	0.5894459	0.5674491	0.5789515	0.6424659	0.5351595	0.547248	0.520824	0.5066115	0.5188227	0.7009359	0.595839	0.5815893	0.5019836	0.5937857	0.5614549	0.6079779	0.5596787	0.5512966	0.6500306	0.6130122	0.5127406
G77	0.0562962	0.0791955	0.0655074	0.0824065	0.0653198	0.0448419	0.0392152	0.0943062	0.1006383	0.0751141	0.0670286	0.042504	0.0323841	0.0434308	0.05912	0.0760051	0.0548557	0.055161	0.1534591	0.0833129	0.0750595
G78	0.2653123	0.3830409	0.3974641	0.3610975	0.4238004	0.3712276	0.3842074	0.2128849	0.3494487	0.3002427	0.2831032	0.3649472	0.3084178	0.2131599	0.2271417	0.3778988	0.2836706	0.3118943	0.302214	0.2506738	0.2494672
G79	0.2505718	0.2146294	0.2870394	0.2097994	0.2388684	0.3088115	0.2629007	0.2555085	0.3018059	0.2964872	0.2263652	0.2397361	0.1811276	0.1810714	0.1789047	0.1843002	0.1728324	0.2541448	0.1540653	0.2835584	0.2488735
G80	0.6014609	0.5801776	0.6063659	0.6426939	0.538039	0.6445874	0.5509798	0.5915892	0.6689085	0.5960294	0.6298953	0.703251	0.6339812	0.7241753	0.5471434	0.5398413	0.6206118	0.5396447	0.6991304	0.7033162	0.7137492
G81	0.2238703	0.1508203	0.1444553	0.1753406	0.2041415	0.1784281	0.1338101	0.154045	0.2064527	0.1680098	0.170378	0.1343754	0.1656847	0.1589302	0.1765549	0.1691002	0.166715	0.1683095	0.2129574	0.1520404	0.2251964
G82	0.322342	0.4378924	0.3776723	0.3479394	0.3090719	0.3855728	0.3322562	0.3985056	0.2936553	0.3621113	0.3356106	0.22364	0.3858293	0.329541	0.2603938	0.2664884	0.3068551	0.2993964	0.3187289	0.3513179	0.4789236
G83	0.0118548	0.0123942	0.0060545	0.0135074	0.0205292	0.0271996	0.1181838	0.2024379	0.2854068	0.3089797	0.3784036	0.2986857	0.1162141	0.0883145	0.056136	0.0212303	0.0207939	0.0175783	0.028275	0.0099659	0.0059832
G84	0.2829531	0.2351436	0.1431539	0.2035919	0.1805735	0.4019506	0.5247813	0.530103	0.6419655	0.6908229	0.6749574	0.6199594	0.5708708	0.5439754	0.2656974	0.1892115	0.0773242	0.1241727	0.2095496	0.2408942	0.1943154
G85	0.6638937	0.5695694	0.5614606	0.5633653	0.5406643	0.5223557	0.5109224	0.4908039	0.6013458	0.5341658	0.5628827	0.4507225	0.5004724	0.6537762	0.6852171	0.6369902	0.6124405	0.7407026	0.6024598	0.6673383	0.6560615
G86	0.5316503	0.5160822	0.500338	0.7073629	0.5499159	0.658582	0.5886448	0.7230731	0.6765069	0.553508	0.6390185	0.6029032	0.6713714	0.559611	0.4534602	0.7115982	0.7287821	0.5826215	0.6573913	0.6932763	0.6844132
G87	0.25297	0.1831473	0.1357377	0.1425649	0.1555027	0.1661287	0.1792411	0.2034959	0.1196128	0.1863049	0.2098983	0.2835009	0.4507937	0.4363223	0.365346	0.4044829	0.375265	0.3369598	0.257231	0.2743914	0.2549187
G88	0.3963348	0.2554226	0.2212047	0.2873806	0.2575736	0.2158747	0.2141542	0.1547968	0.1303236	0.1447859	0.1370171	0.1098168	0.1612333	0.114192	0.0800684	0.1046414	0.1093437	0.1756095	0.1802045	0.1705351	0.197342
G89	0.4558847	0.4567021	0.5156857	0.4013306	0.5447183	0.5421019	0.6128696	0.5289201	0.5012928	0.4026675	0.5068219	0.5423594	0.5256157	0.5968647	0.5763627	0.4884199	0.3379407	0.3614927	0.4106105	0.4519616	0.4166864
G90	0.04131	0.0706036	0.1409278	0.1869881	0.3746763	0.3882274	0.3419723	0.5151465	0.4586791	0.6159692	0.5179335	0.4229177	0.401918	0.3307121	0.1859163	0.1258702	0.123273	0.0771381	0.1183601	0.0931757	0.0482911
G91	0.5700287	0.5756508	0.5047435	0.6337308	0.6353639	0.6394779	0.5450349	0.5685199	0.6495827	0.5545274	0.6564901	0.5169575	0.6080946	0.6176736	0.5842515	0.6455075	0.6625474	0.6187638	0.5831035	0.6301831	0.6359754
G92	0.7309297	0.6331599	0.6098812	0.6594386	0.7186191	0.5785188	0.602944	0.6106849	0.5701068	0.6765788	0.6339948	0.7142686	0.5575227	0.5958541	0.7274982	0.6540589	0.6354314	0.653923	0.5729111	0.5470859	0.6663733
G93	0.5544716	0.6144692	0.5410723	0.4406108	0.5881869	0.5013083	0.4822145	0.5808368	0.6569963	0.4541295	0.6949846	0.6119633	0.5321392	0.4695255	0.5666672	0.5890819	0.6116646	0.6143434	0.588326	0.5317336	0.5870218
G94	0.6528626	0.3837021	0.4604978	0.3827119	0.3587773	0.3315825	0.3482492	0.2994557	0.4558697	0.3683978	0.3318451	0.5706945	0.5981554	0.6048463	0.6117367	0.697864	0.6479853	0.6524285	0.6115563	0.654059	0.6367302
G95	0.2592394	0.2854838	0.3275405	0.3458535	0.2398228	0.2888769	0.3116791	0.3277896	0.3068227	0.3760578	0.3808768	0.3787037	0.214249	0.2996058	0.2394539	0.1769928	0.1866701	0.1557606	0.238349	0.2984382	0.3499117
G96	0.6397521	0.5948379	0.7176462	0.7356183	0.6072063	0.6472763	0.6108627	0.8465007	0.6996781	0.6449408	0.6023847	0.5875945	0.6818922	0.6535391	0.5814631	0.5357173	0.6559433	0.6674882	0.636764	0.5341658	0.6550435
G97	0.6298289	0.5841039	0.5462339	0.6249395	0.5979576	0.8161656	0.5659523	0.5613026	0.6081954	0.7126438	0.5651591	0.5064945	0.5728769	0.6320554	0.6691464	0.6272861	0.6657716	0.6974858	0.6726495	0.5567005	0.6392699
G98	0.0912344	0.0757831	0.0446388	0.1001985	0.1008251	0.1579501	0.0712951	0.0745073	0.0617325	0.0838859	0.0716131	0.0896798	0.0965587	0.0599719	0.0914852	0.0848326	0.0655899	0.1049869	0.1034724	0.063562	0.1017872
G99	0.6493212	0.4289115	0.3779322	0.4175577	0.4026053	0.4097394	0.4566451	0.3871264	0.527261	0.4274648	0.3747294	0.5978449	0.61347	0.5506999	0.6084707	0.6649027	0.6925894	0.6234186	0.5899465	0.6976453	0.7066364
G100	0.5974328	0.3276526	0.2821009	0.2808667	0.3136611	0.2927423	0.2819608	0.277749	0.3386581	0.2355165	0.2796308	0.6853	0.6726642	0.5847959	0.5690993	0.6692083	0.6312482	0.6856538	0.6611815	0.6563422	0.5654236
