ID	0	50	100	150	200	250	300	350	400	450	500	550	600	650	700	750	800	850	900	950	1000
G1	0.3862529	0.3901934	0.6512147	0.4654114	0.5984186	0.4948928	0.4762836	0.3071155	0.3094592	0.3681098	0.5254265	0.3883467	0.2710293	0.2260628	0.432489	0.5498748	0.5713737	0.3855055	0.2440778	0.3637115	0.4918537
G2	0.0989208	0.0986578	0.0805089	0.0706432	0.1241799	0.0387009	0.1016525	0.1153472	0.1746809	0.1052764	0.0799876	0.1138683	0.102042	0.1492674	0.186474	0.1149237	0.0773112	0.0739357	0.0887942	0.0969715	0.1252245
G3	0.0558099	0.0459067	0.0346571	0.031231	0.0672353	0.0800165	0.1545616	0.0732838	0.0925652	0.0550109	0.0667393	0.1381483	0.0859357	0.0621651	0.0139863	0.0245427	0.0752445	0.0750975	0.0837038	0.0558131	0.067178
G4	0.0068948	0.0139379	0.0111984	0.0087579	0.0126431	0.0152499	0.0285349	0.0220746	0.0383176	0.0394695	0.0116587	0.0210844	0.0500652	0.0453021	0.0466033	0.005806	0.003952	0.0072417	0.0161063	0.0225925	0.0119048
G5	0.1854217	0.2267542	0.2737688	0.1660095	0.1812062	0.155476	0.1739556	0.1649497	0.2078201	0.2452062	0.2397598	0.2363624	0.1973727	0.2597194	0.2764687	0.2760521	0.2397455	0.2208422	0.2416972	0.2548541	0.247409
G6	0.6316855	0.4820878	0.4397176	0.2639271	0.2859646	0.232367	0.2224092	0.2883327	0.2207333	0.2288264	0.2254891	0.2833943	0.3171909	0.4887764	0.4664638	0.5288256	0.5965029	0.537598	0.606291	0.6530131	0.482943
G7	0.2444367	0.4805566	0.5089469	0.5632701	0.5649254	0.617225	0.4846349	0.5966078	0.6810291	0.6490707	0.5697316	0.4313185	0.3657439	0.3199792	0.2643757	0.1926817	0.2482987	0.2909327	0.2933313	0.2788916	0.2303382
G8	0.0282142	0.0795188	0.0643972	0.0980024	0.090832	0.0561274	0.13692	0.1512713	0.0932913	0.1201019	0.0742175	0.0396413	0.0507757	0.0637556	0.0449546	0.1043184	0.0286612	0.0296416	0.0207152	0.0253615	0.0262443
G9	0.3755393	0.344253	0.5492125	0.470611	0.5212747	0.3712627	0.4106649	0.2945067	0.3654722	0.3493104	0.5156143	0.4238064	0.3302672	0.2428485	0.3356471	0.3480158	0.4945291	0.3876494	0.3037409	0.3299917	0.3699616
G10	0.1747188	0.0340773	0.0251169	0.0081588	0.0038237	0.0003556	0.0002824	0.000908	0.000205	0.0004668	0	0.1727363	0.1811878	0.1280425	0.1303662	0.1382925	0.1590795	0.1839021	0.209251	0.1586662	0.2413164
G11	0.4249163	0.4589092	0.4279238	0.4579539	0.5325801	0.5455724	0.5768744	0.5246661	0.5208677	0.5227289	0.3777748	0.3854127	0.4729497	0.3580146	0.3905348	0.3498086	0.3742557	0.4204253	0.4775222	0.4336853	0.4863533
G12	0.5452686	0.4446535	0.4815393	0.4150877	0.3650926	0.4943978	0.4424067	0.4471791	0.4186223	0.5105868	0.5629375	0.6602612	0.7046968	0.6167607	0.5832283	0.5971323	0.611312	0.6652908	0.6391149	0.6020407	0.5041449
G13	0.4209435	0.2471367	0.3118303	0.3064238	0.2997427	0.3173935	0.3421694	0.248082	0.2244422	0.2377038	0.3158211	0.2398573	0.2910498	0.3132989	0.3719298	0.3234422	0.2877482	0.2731845	0.2434057	0.3090772	0.3814023
G14	0.1540334	0.2934802	0.3714535	0.4015511	0.3854069	0.2632074	0.3099157	0.266019	0.2890228	0.3176584	0.2554185	0.1629917	0.1125744	0.0829435	0.0899599	0.1439291	0.1591193	0.1146927	0.1011628	0.1439291	0.135879
G15	0.4999531	0.1689176	0.0792369	0.0552293	0.115214	0.0784475	0.1168121	0.110158	0.1108482	0.1057461	0.0898318	0.2923531	0.4008221	0.4381931	0.5612291	0.4777854	0.5632012	0.5214116	0.4902512	0.5124905	0.569834
G16	0.7236159	0.8567849	0.6808731	0.8025238	0.6026636	0.6323265	0.5327567	0.5418766	0.6841997	0.7040559	0.6619328	0.6626001	0.6672085	0.6028691	0.5616102	0.5164486	0.6812851	0.6434786	0.5733376	0.6043722	0.5418376
G17	0.0349745	0.0501095	0.1207828	0.0684869	0.0954085	0.0546342	0.0790732	0.1282353	0.0909965	0.1728044	0.1140263	0.1278593	0.0964502	0.0898171	0.1262507	0.0768895	0.0969247	0.0650002	0.0880031	0.1030486	0.0636084
G18	0.5770448	0.2682654	0.1647376	0.0979104	0.0800936	0.0745073	0.0527229	0.1081222	0.0829921	0.0700757	0.0862413	0.5337522	0.5256382	0.6389125	0.4837392	0.5243609	0.6464564	0.6478468	0.5378859	0.5389757	0.6972685
G19	0.3828932	0.4489538	0.571425	0.4154578	0.3642859	0.4543852	0.3387054	0.2966881	0.3788293	0.3246124	0.3860647	0.2209875	0.3115189	0.2921815	0.3210087	0.391859	0.3933876	0.3954621	0.2766723	0.258654	0.3148211
G20	0.7245837	0.5872718	0.6193945	0.6735833	0.6398091	0.7364643	0.5592881	0.7186527	0.5768265	0.6851673	0.5426301	0.6176883	0.6849282	0.7368002	0.6091842	0.6216059	0.6011367	0.5946429	0.6803423	0.6496165	0.6585955
G21	0.0568666	0.0173347	0.070847	0.3115383	0.3958659	0.3263544	0.3347454	0.3899694	0.4110535	0.4026683	0.4115301	0.1078468	0.052429	0.0353657	0.0520348	0.0559823	0.1045639	0.0428437	0.0478162	0.1376531	0.0959153
G22	0.246181	0.5100972	0.6117413	0.592147	0.6420515	0.6097334	0.4608492	0.6597235	0.5724869	0.543483	0.6473583	0.3850726	0.344778	0.3996799	0.3311432	0.3616872	0.3039528	0.3858042	0.4412009	0.4597208	0.2962777
G23	0.1323238	0.5615112	0.5831647	0.7684814	0.5600484	0.5627189	0.5852442	0.5981861	0.745588	0.5876841	0.5522797	0.2114055	0.1644227	0.1283454	0.0663145	0.1153713	0.0698051	0.0842377	0.1395861	0.1400697	0.1506147
G24	0.3938973	0.2121163	0.1507027	0.1454459	0.1627645	0.1071563	0.1149458	0.1387809	0.0847797	0.1603665	0.1159775	0.452481	0.3645527	0.4205597	0.4277538	0.4444054	0.4470374	0.4754967	0.2533149	0.3288159	0.3917984
G25	0.2663334	0.2977684	0.2479786	0.0885785	0.0868141	0.0922893	0.0462178	0.0720689	0.077085	0.0764403	0.0980894	0.1469058	0.19866	0.3508028	0.4000035	0.3056927	0.4137725	0.3666877	0.3672982	0.4449857	0.3306949
G26	0.1763365	0.1311956	0.0331295	0.0172497	0.0391994	0.0501838	0.0116038	0.0209668	0.0215222	0.0171261	0.0149377	0.1064303	0.1874574	0.1355454	0.1667742	0.164139	0.1391643	0.1155289	0.100769	0.1636229	0.1194103
G27	0.3240874	0.2948595	0.2841422	0.2834092	0.2375064	0.2395581	0.198508	0.2238929	0.1985931	0.2392541	0.2641077	0.2524473	0.2147358	0.2334309	0.3148017	0.313303	0.2770366	0.2835207	0.3083198	0.3058817	0.3729595
G28	0.2201723	0.0518889	0.0826176	0.0920574	0.0946862	0.1471642	0.1803237	0.2800125	0.2584209	0.2422957	0.2178368	0.4081807	0.4213592	0.3555356	0.3382229	0.2892455	0.2912397	0.2102768	0.2264795	0.2222405	0.2918466
G29	0.3056847	0.4036845	0.4554688	0.4567069	0.6256475	0.4382569	0.2778027	0.2408432	0.2060374	0.238087	0.3626664	0.2699248	0.2596396	0.2665815	0.4003564	0.4225919	0.3317032	0.2605182	0.3547496	0.305076	0.2861699
G30	0.4896382	0.5495531	0.5222179	0.5836797	0.5702326	0.6484179	0.6654396	0.6458043	0.5413046	0.7918201	0.6473842	0.419283	0.3908995	0.3728889	0.4057938	0.5311756	0.417332	0.5108187	0.5970929	0.4217097	0.5374607
G31	0.2061566	0.2709934	0.2276485	0.2006271	0.1568003	0.1391775	0.195208	0.1765375	0.2007993	0.2205548	0.2799865	0.2875087	0.2256424	0.263827	0.2525724	0.3076974	0.2758322	0.2918744	0.238896	0.2908749	0.2798939
G32	0.733583	0.6035417	0.4537931	0.530459	0.5957207	0.5987398	0.5236504	0.6172429	0.6058206	0.5957795	0.5319904	0.6863179	0.6895742	0.5357019	0.5852357	0.638549	0.5736077	0.5907372	0.7253609	0.5666651	0.5693689
G33	0.4400882	0.4498174	0.4719514	0.5112982	0.6078284	0.5996804	0.7449975	0.4814648	0.5264591	0.6321194	0.5094496	0.3904932	0.3960636	0.3287526	0.3737577	0.3278983	0.3106033	0.421534	0.3366096	0.3454654	0.3918508
G34	0.5651704	0.4860336	0.5169931	0.5841412	0.4981565	0.3790494	0.4005739	0.5845376	0.581767	0.6358009	0.4242188	0.4873223	0.4655563	0.4710391	0.5353169	0.4811725	0.4974441	0.4033836	0.7505644	0.453746	0.5488958
G35	0.6445813	0.5510348	0.6911373	0.6572127	0.6245854	0.7116166	0.6057234	0.6418288	0.6879529	0.6380032	0.5156522	0.547734	0.4786266	0.6165768	0.6190025	0.6053923	0.6091569	0.5253179	0.6245161	0.6164843	0.5516115
G36	0.2653571	0.2441327	0.2337558	0.2679892	0.2020659	0.2093277	0.2390083	0.2029753	0.1467597	0.1876868	0.1854776	0.2197208	0.129359	0.1820072	0.1056121	0.1488549	0.0898404	0.2163081	0.2212892	0.2570134	0.2106578
G37	0.3782394	0.3555813	0.4776442	0.4089984	0.4413431	0.4185338	0.4840415	0.4653416	0.4138695	0.4700517	0.4621028	0.5171463	0.4752792	0.4039987	0.4656404	0.5943873	0.4310158	0.3421896	0.432311	0.4150578	0.480642
G38	0.5843244	0.3238286	0.1237158	0.1909101	0.1351589	0.1827094	0.113281	0.1349413	0.1312283	0.1123566	0.1422908	0.5700827	0.6821454	0.5710906	0.650979	0.604691	0.7316533	0.7040182	0.7140612	0.5056396	0.5824206
G39	0.4329976	0.2964613	0.2852102	0.2665343	0.175818	0.1671582	0.1821473	0.1923796	0.1592588	0.186058	0.1732424	0.2217788	0.3821366	0.3268794	0.3432813	0.3171312	0.3039626	0.3507096	0.4657397	0.3414846	0.3850097
G40	0.3992164	0.4381771	0.4795016	0.4608763	0.4034637	0.5384337	0.4373841	0.4805422	0.492755	0.4227365	0.3998685	0.2244341	0.3510659	0.3299215	0.421016	0.412621	0.5580033	0.4862814	0.4440969	0.4699137	0.4180095
G41	0.2136141	0.3242364	0.4007706	0.3846923	0.3953283	0.2811144	0.2689444	0.3203569	0.3089005	0.2275216	0.2632454	0.1611898	0.1646704	0.1260196	0.1741191	0.144915	0.2393987	0.1655123	0.1657421	0.2135854	0.2070302
G42	0.4401378	0.3046116	0.3347342	0.2511818	0.1816676	0.2621875	0.2019937	0.2080392	0.2563377	0.1548491	0.1604356	0.2444772	0.4039881	0.5936319	0.4679281	0.5817803	0.448769	0.4566895	0.5610466	0.4869599	0.5439607
G43	0.4805162	0.4658277	0.4650521	0.4973497	0.4639317	0.4535874	0.4698316	0.4789295	0.4324567	0.4504553	0.475472	0.3264308	0.3168531	0.3517749	0.3448351	0.4288544	0.459719	0.4798102	0.4765626	0.4349465	0.3670345
G44	0.6213494	0.4144337	0.2751883	0.1070556	0.0351249	0.019545	0.0106814	0.0024922	0.0078695	0.0139564	0.0024122	0.019197	0.2048347	0.4740096	0.5794265	0.5207939	0.6348811	0.5402672	0.5241451	0.5661267	0.4909951
G45	0.4890508	0.5448294	0.6400172	0.5774272	0.5575137	0.5598778	0.6749606	0.6102781	0.7738804	0.6851252	0.5776706	0.6621126	0.5455023	0.5391203	0.5727447	0.5243567	0.4146595	0.4877377	0.5232926	0.3926428	0.4633292
G46	0.13883	0.0261473	0.0273565	0.0542254	0.0489749	0.069842	0.0609188	0.1155665	0.1025664	0.0926707	0.1007368	0.3558069	0.2090517	0.1348557	0.1007989	0.1119753	0.1065402	0.1252376	0.0897092	0.1110185	0.1095932
G47	0.3008189	0.2698425	0.3108438	0.3665577	0.4284416	0.3785279	0.3703389	0.3468254	0.3488765	0.4261022	0.3566021	0.383143	0.3569552	0.4602334	0.4774282	0.4002108	0.437037	0.3213237	0.4258367	0.3520154	0.3495297
G48	0.0559565	0.1021573	0.3794022	0.4721309	0.5294079	0.5378647	0.5017931	0.627842	0.5395001	0.540227	0.6221566	0.3801725	0.0570096	0.0678426	0.0419716	0.0496125	0.0390976	0.0204626	0.0408866	0.0525933	0.0504733
G49	0.732514	0.5301301	0.6122834	0.7643014	0.7107698	0.688112	0.6683549	0.7070377	0.7432823	0.6646639	0.7356023	0.7080739	0.7372719	0.6935935	0.5320061	0.485866	0.5876456	0.5633157	0.697767	0.6180562	0.7626287
G50	0.306688	0.3113119	0.3553645	0.2982042	0.3636974	0.2988843	0.2887831	0.3887569	0.2740362	0.2826415	0.2888504	0.3085572	0.3189067	0.2972749	0.3841871	0.3438439	0.3819214	0.2542155	0.270142	0.2089158	0.312816
G51	0.6841135	0.6607679	0.6566098	0.679226	0.6075767	0.6607086	0.6583411	0.5727134	0.6181283	0.6274842	0.5542709	0.5396395	0.654721	0.5616344	0.5699803	0.5531944	0.6525525	0.6767356	0.5148717	0.5695475	0.7087716
G52	0.311201	0.2921217	0.2167	0.229931	0.2545698	0.2273734	0.1998695	0.2712607	0.2132109	0.2632362	0.2421404	0.2726657	0.4212619	0.3091557	0.3503329	0.247328	0.2807162	0.2181724	0.2713816	0.3010278	0.2663154
G53	0.1400168	0.0809444	0.0406034	0.0236833	0.0469744	0.0313505	0.0674915	0.0364621	0.0299172	0.0289092	0.0459136	0.0658101	0.1150099	0.1924855	0.1188011	0.0980858	0.0885938	0.0700619	0.0575986	0.0773462	0.0547875
G54	0.2965543	0.2999862	0.3178002	0.2627993	0.3717279	0.4150762	0.3553169	0.3755606	0.342933	0.3480721	0.3291785	0.3833178	0.254278	0.2525488	0.2273972	0.3421202	0.3265633	0.3032553	0.3413158	0.3572224	0.4489761
G55	0.364789	0.35964	0.219704	0.2026441	0.1892566	0.2320263	0.3027375	0.2543101	0.1841313	0.2268855	0.2522723	0.3199791	0.361221	0.4033088	0.2588014	0.1987434	0.2549721	0.2185585	0.2360786	0.2885736	0.2658007
G56	0.1948381	0.1710772	0.1817271	0.2331197	0.2608753	0.1974548	0.1356912	0.1541156	0.1794825	0.1096562	0.1140053	0.1240469	0.1795869	0.1605676	0.1166868	0.1989249	0.134382	0.3190566	0.3001714	0.1556277	0.168667
G57	0.3863779	0.2619279	0.1428489	0.1790612	0.1979204	0.1777834	0.2255254	0.1905163	0.269208	0.2532635	0.2729703	0.1920302	0.4022597	0.313745	0.2464012	0.3653511	0.2116164	0.2192669	0.1763861	0.2867603	0.272457
G58	0.0134254	0.091787	0.0882601	0.0848799	0.0921528	0.0980286	0.1084384	0.1011989	0.1034036	0.0986203	0.1500501	0.0331576	0.0080328	0.0175977	0.0032743	0.0037357	0.0141267	0.01257	0.0006308	0.0018261	0.0012937
G59	0.1682037	0.2369352	0.1885634	0.2351805	0.3081047	0.204921	0.2847325	0.2454713	0.2409137	0.2134084	0.2302988	0.1783469	0.175406	0.1242763	0.1701683	0.2450234	0.2888035	0.2201045	0.2933837	0.285806	0.2025279
G60	0.069724	0.0957191	0.1993374	0.139456	0.1529729	0.1270137	0.1376907	0.1389071	0.1640297	0.1598067	0.1384636	0.1576182	0.0623584	0.0438749	0.1109367	0.1377206	0.1404984	0.1106598	0.0816324	0.0897806	0.0527904
G61	0.3891665	0.08554	0.0742221	0.0321994	0.0851107	0.0595222	0.0721318	0.0694329	0.0535561	0.0567858	0.0842933	0.3523797	0.4230849	0.367014	0.3092398	0.2257728	0.2536058	0.2954092	0.2698871	0.2592793	0.2808227
G62	0.5267062	0.4524606	0.5228893	0.4912569	0.5146948	0.6657314	0.5203695	0.5651634	0.611612	0.4747999	0.5925785	0.4727119	0.460287	0.3845932	0.4841149	0.4774579	0.5260206	0.4664007	0.4468431	0.4746852	0.4870738
G63	0.5682227	0.646676	0.6676725	0.6526998	0.6819263	0.7938619	0.647342	0.6155434	0.560256	0.5344311	0.5826831	0.5449435	0.5304312	0.5401089	0.6600345	0.5647106	0.6429737	0.5485744	0.7129387	0.6267251	0.5841805
G64	0.5571157	0.5415033	0.4644786	0.5226734	0.3776577	0.5532784	0.4362447	0.480123	0.4796548	0.3949658	0.5180361	0.4768028	0.5334458	0.5311173	0.5905942	0.5118803	0.4953579	0.5357847	0.5016794	0.5415001	0.4401063
G65	0.151884	0.1817409	0.1509559	0.1559743	0.1100471	0.1816533	0.1625723	0.1769362	0.1331023	0.139187	0.2427961	0.1945762	0.1131595	0.1693867	0.1356145	0.1324922	0.1380466	0.2675595	0.1693842	0.1481348	0.2101773
G66	0.5472247	0.4889591	0.5241687	0.6686024	0.5967105	0.7071792	0.6406013	0.5525467	0.6164319	0.6129699	0.6684221	0.6304369	0.6725412	0.6604385	0.7223913	0.6192518	0.4930108	0.5082303	0.4429321	0.614043	0.5813587
G67	0.2809128	0.3895691	0.3466673	0.3985111	0.4462597	0.3313082	0.382182	0.3811865	0.3888575	0.4156963	0.421128	0.4544979	0.3892294	0.4208271	0.3828202	0.4056677	0.3889772	0.4463918	0.3929273	0.3931412	0.442301
G68	0.5497391	0.4681107	0.4700323	0.5337084	0.5670195	0.584651	0.485706	0.4520594	0.526692	0.4975856	0.4374057	0.5046982	0.5679438	0.4474984	0.5575481	0.5573024	0.5193856	0.5878176	0.53972	0.51037	0.492433
G69	0.3749811	0.3103628	0.3154857	0.2663546	0.2364445	0.1945389	0.2065415	0.2609724	0.2352662	0.2583581	0.2831127	0.3098259	0.2606072	0.215393	0.3034286	0.2905222	0.2248308	0.2888663	0.3151972	0.4156192	0.3556005
G70	0.2692063	0.2688087	0.2276872	0.3040162	0.2879092	0.3352118	0.3329502	0.3167523	0.3791826	0.3575403	0.3150589	0.2905089	0.3373633	0.2525707	0.3235973	0.2168818	0.3417686	0.2739331	0.3504558	0.3257674	0.2437403
G71	0.2374288	0.3059724	0.3094425	0.1795804	0.2167178	0.1739562	0.245032	0.2554317	0.2296936	0.1942074	0.3346334	0.2290362	0.3260741	0.3353395	0.251019	0.1894111	0.3430066	0.2826195	0.2210885	0.2505742	0.3068073
G72	0.2721816	0.4715609	0.4580118	0.4520407	0.4465879	0.4472612	0.4338604	0.4221571	0.4247048	0.3974577	0.4590289	0.2516571	0.1983756	0.2012031	0.216956	0.2234539	0.1603345	0.1445557	0.2424326	0.2448658	0.2016652
G73	0.503586	0.4880156	0.3168353	0.177606	0.1190998	0.0871837	0.1128011	0.068118	0.0479255	0.0767701	0.0664087	0.2772372	0.4184833	0.3516644	0.5196365	0.4896108	0.5075178	0.3895627	0.5131302	0.4607645	0.4128128
G74	0.0987567	0.0309464	0.0254834	0.0100165	0.0156652	0.0826156	0.1470193	0.1977341	0.2216423	0.2052484	0.2429657	0.3045971	0.2360281	0.109704	0.0833766	0.0697072	0.0955831	0.0609567	0.0738147	0.0688965	0.089585
G75	0.1422844	0.4356926	0.5433222	0.4066248	0.3153072	0.4524863	0.3815445	0.3133711	0.3113118	0.3360428	0.2761737	0.0514351	0.0914638	0.1099149	0.2010543	0.1890201	0.1469544	0.2394463	0.154322	0.1835489	0.1694104
G76	0.4465525	0.4408605	0.492115	0.5092174	0.557499	0.4775892	0.3915251	0.4608229	0.3987888	0.4855226	0.5492295	0.5833372	0.4643688	0.562793	0.4246703	0.4776539	0.4497802	0.5589001	0.538848	0.4723263	0.4342113
G77	0.0911282	0.0244774	0.0116013	0.0060756	0.0023278	0.0026416	0.0034971	0.0011071	0.0083797	0.0042178	0.0127744	0.0751507	0.1014797	0.0903889	0.1223041	0.0540198	0.1121287	0.1332479	0.0974481	0.0732042	0.0760565
G78	0.2947291	0.3064947	0.296432	0.3186013	0.2853575	0.3182079	0.3418901	0.3269644	0.3435639	0.3332641	0.335844	0.3400067	0.3614409	0.4018597	0.2733925	0.3427814	0.3964534	0.289801	0.2891464	0.3664703	0.330021
G79	0.2347491	0.1270071	0.0989204	0.0854706	0.0492801	0.0764027	0.0754945	0.0605426	0.091127	0.059033	0.0979076	0.3048453	0.3556312	0.3223705	0.3408192	0.3585455	0.2851974	0.3575527	0.22815	0.2720149	0.2630557
G80	0.5884155	0.6212244	0.7134073	0.6014201	0.8013872	0.764057	0.6679443	0.6414645	0.5781214	0.6536904	0.6116068	0.5325007	0.5671978	0.6644602	0.5566388	0.6026901	0.5441955	0.6016169	0.5635737	0.499182	0.7202022
G81	0.180936	0.1957232	0.1799484	0.2342136	0.1515617	0.1652932	0.1751103	0.1915125	0.2006151	0.1787775	0.1782632	0.2133135	0.2634002	0.1296692	0.1550013	0.170851	0.1373457	0.1116563	0.1665782	0.1863917	0.2022493
G82	0.3019133	0.4459457	0.4150808	0.3322323	0.3564442	0.4463899	0.4701817	0.4722357	0.3699511	0.5042778	0.4702478	0.3325777	0.3140208	0.3904754	0.3968524	0.3718716	0.2794135	0.31345	0.2970786	0.3570589	0.2483996
G83	0.0110469	0.0115154	0.0055515	0.0202888	0.0066469	0.0097785	0.0130852	0.0143679	0.0102672	0.0120607	0.0138917	0.0364159	0.0289045	0.0128949	0.0210975	0.0109617	0.0277173	0.0100858	0.0231292	0.0114482	0.00758
G84	0.2062241	0.141477	0.0612754	0.0403297	0.0240252	0.0829388	0.1394352	0.282876	0.3035843	0.2166283	0.1612362	0.3016932	0.5084628	0.4650548	0.2831742	0.1450312	0.0849425	0.178936	0.281621	0.1871053	0.2080445
G85	0.6417926	0.5964656	0.5441223	0.6808322	0.7127911	0.6473102	0.597453	0.6012044	0.5455342	0.7068287	0.6342436	0.6695094	0.6651592	0.5706807	0.5132203	0.6398069	0.6106696	0.7440539	0.5865415	0.6077808	0.6118074
G86	0.6228669	0.4711072	0.4933664	0.4720819	0.4890092	0.5896349	0.5179466	0.5229434	0.5462622	0.5002019	0.5734963	0.5694036	0.6098345	0.6422522	0.616197	0.6061083	0.6452169	0.6020321	0.6288004	0.5168111	0.7484058
G87	0.1853112	0.2400007	0.226145	0.2659804	0.2723295	0.226237	0.2349165	0.2840243	0.2032498	0.2741792	0.247166	0.2255987	0.2093756	0.2262163	0.1585479	0.1385512	0.1583849	0.2077711	0.2572956	0.2376117	0.1940966
G88	0.2082922	0.2276893	0.2742323	0.1852817	0.1636848	0.1903237	0.1390529	0.1448565	0.1951914	0.1728982	0.1773625	0.2026413	0.2693109	0.295836	0.3146318	0.3151948	0.3204087	0.3799184	0.3014701	0.2630475	0.2100301
G89	0.4581335	0.3793165	0.4476884	0.5620139	0.3584322	0.2663874	0.293163	0.2856975	0.2476157	0.3988678	0.4779804	0.3674357	0.4392201	0.3761009	0.428675	0.4256128	0.4050953	0.4526682	0.3710406	0.4247215	0.4426699
G90	0.0791657	0.0546312	0.0524488	0.0883143	0.0566556	0.0474958	0.0570559	0.0425217	0.0384707	0.0371393	0.0464307	0.038396	0.0406565	0.0303883	0.0331862	0.0569331	0.0772349	0.0842318	0.071714	0.0537063	0.0523883
G91	0.599524	0.6454038	0.6841584	0.6588811	0.6643735	0.6970038	0.7161698	0.7991658	0.71593	0.7265319	0.5826841	0.6472402	0.6002353	0.6046375	0.63934	0.5944902	0.6601515	0.63091	0.5506745	0.5418642	0.64836
G92	0.6302836	0.3343292	0.3214008	0.2810894	0.3793976	0.3573241	0.3007445	0.385109	0.3224073	0.2805693	0.4372114	0.5940262	0.7230107	0.5706046	0.6741333	0.6379488	0.6555441	0.6231004	0.6678703	0.4799249	0.5565738
G93	0.5452343	0.605426	0.5675863	0.6791019	0.6710254	0.6821682	0.7706112	0.6525995	0.6988957	0.7153722	0.66555	0.5933221	0.5922614	0.6585428	0.6177982	0.5663077	0.5213943	0.5706294	0.5664213	0.5558366	0.5694296
G94	0.6927659	0.5354233	0.6763228	0.6147096	0.6630935	0.6563329	0.6557056	0.6144276	0.592854	0.6850225	0.6563009	0.673986	0.6520914	0.6640129	0.6009814	0.5282461	0.6856557	0.5878495	0.6147358	0.6912944	0.6293917
G95	0.3292985	0.3261966	0.342727	0.4297946	0.4370104	0.46886	0.4342054	0.4705637	0.4847749	0.4101956	0.4681455	0.4643935	0.4347202	0.279534	0.3437775	0.313662	0.3852495	0.3691909	0.3108356	0.3179276	0.3450116
G96	0.6158772	0.6649113	0.574992	0.7924603	0.6063564	0.7117396	0.6232303	0.5621387	0.7126053	0.7183115	0.6521303	0.6462329	0.6271943	0.6091798	0.6441781	0.576848	0.640491	0.5599805	0.6751246	0.680578	0.6316763
G97	0.5664854	0.6357215	0.6325198	0.7247304	0.6041912	0.5327456	0.5981643	0.6570207	0.5293828	0.5622628	0.7149891	0.6332815	0.6570226	0.6233164	0.6748807	0.7036797	0.6273457	0.6025223	0.6074157	0.6618159	0.7345415
G98	0.1076287	0.1237934	0.1595439	0.1075703	0.1210518	0.0604782	0.0633117	0.0885715	0.0743178	0.1133203	0.1079782	0.0707653	0.1127933	0.0564908	0.0832468	0.0985635	0.042868	0.0897555	0.1088822	0.055694	0.0515842
G99	0.7044657	0.3814895	0.235096	0.3078297	0.2201064	0.2012342	0.3330415	0.1976479	0.2158098	0.2475941	0.189111	0.5448203	0.6389951	0.7399309	0.5332014	0.6447252	0.6489611	0.5591145	0.6126956	0.7626546	0.5544658
G100	0.7054658	0.4565147	0.4877191	0.436229	0.4637056	0.443655	0.5333039	0.5185213	0.4691483	0.4983007	0.4799111	0.7662644	0.5929197	0.6577302	0.6035461	0.6281346	0.7054663	0.5884427	0.4913695	0.5359056	0.6773845
