ID	0	50	100	150	200	250	300	350	400	450	500	550	600	650	700	750	800	850	900	950	1000
G1	0.3580123	0.2515977	0.110507	0.0965504	0.0494611	0.0561754	0.0528052	0.0699483	0.0631025	0.0418243	0.0780909	0.0343273	0.1149025	0.4445859	0.5173354	0.5967797	0.5580017	0.3737164	0.342743	0.3386933	0.4486999
G2	0.1078694	0.1093977	0.1625799	0.1665591	0.1971057	0.2684453	0.2878291	0.2383723	0.2715782	0.295325	0.3047692	0.2753062	0.2315254	0.2292924	0.1904562	0.1040988	0.1145239	0.0848735	0.1035325	0.0633561	0.1124142
G3	0.0751317	0.260146	0.248298	0.2785277	0.3614426	0.2353575	0.3683205	0.2388805	0.2754879	0.3520208	0.2322382	0.0967856	0.0400973	0.015518	0.0209106	0.1062829	0.1034538	0.1149243	0.1349303	0.1199117	0.0963505
G4	0.0153292	0.0240716	0.0926213	0.3205238	0.4030982	0.4304311	0.5036171	0.4359229	0.4433337	0.4113369	0.4494564	0.4933293	0.4183045	0.2282793	0.0826512	0.0155301	0.0082587	0.0101221	0.0179487	0.0122832	0.0101
G5	0.2138323	0.2721002	0.3257913	0.3217313	0.4088167	0.4278724	0.3465274	0.3330514	0.333201	0.5407337	0.4797477	0.3746683	0.3120562	0.3804757	0.3156391	0.2054697	0.1607458	0.1422819	0.1519124	0.3229624	0.1919026
G6	0.5587538	0.5323393	0.5915824	0.5864459	0.5488126	0.5995164	0.6480934	0.4920073	0.6883268	0.5612176	0.5007349	0.6299176	0.542982	0.4306894	0.3568478	0.3843226	0.5471141	0.6033552	0.4820128	0.4542981	0.391785
G7	0.2993044	0.3432727	0.3325357	0.416445	0.3541998	0.3256357	0.293316	0.358463	0.3405026	0.3336436	0.3012078	0.3406799	0.3118098	0.2852632	0.1845296	0.2397615	0.2371977	0.2770143	0.2095169	0.360309	0.298748
G8	0.0541211	0.0390157	0.0753302	0.2016908	0.1722556	0.2398965	0.3355271	0.3905046	0.3617106	0.2514618	0.3203343	0.3417318	0.2627325	0.1519877	0.0421069	0.0496893	0.0180046	0.030519	0.0394546	0.0529383	0.0346848
G9	0.291778	0.2694179	0.4419599	0.5939407	0.5859222	0.6293864	0.5816051	0.5381755	0.5799497	0.6823375	0.6537875	0.5623351	0.5216483	0.4716666	0.3951166	0.3788668	0.3434062	0.3304953	0.2922893	0.31768	0.3415643
G10	0.1994605	0.2252956	0.189143	0.1387076	0.1972853	0.1915082	0.159892	0.1786794	0.2153658	0.220529	0.1827278	0.1954594	0.2039039	0.1491916	0.1743479	0.1715926	0.2366545	0.2081138	0.1670397	0.1861985	0.2382556
G11	0.4948893	0.4267639	0.3882013	0.5556439	0.4302968	0.4061225	0.4386368	0.4356795	0.4409102	0.3675893	0.4297941	0.4150393	0.3763722	0.4316506	0.4192002	0.3875905	0.3623181	0.4235969	0.3594556	0.4177676	0.4337619
G12	0.57957	0.6461177	0.6262322	0.5305361	0.6411702	0.6651894	0.6654082	0.6392179	0.6091039	0.6691401	0.5118761	0.7008346	0.6198738	0.5908815	0.545137	0.5847664	0.5647037	0.6501686	0.6215201	0.5184391	0.5996601
G13	0.3459542	0.3466894	0.3288967	0.3261875	0.3212678	0.3050944	0.3031313	0.2717952	0.3394069	0.3140408	0.3134276	0.3516415	0.3859619	0.3461101	0.2651243	0.1881478	0.3043128	0.2944937	0.22474	0.2904568	0.236537
G14	0.1061474	0.3108712	0.3142127	0.3611177	0.2979157	0.324072	0.2785351	0.2865595	0.3190188	0.3764881	0.3426239	0.1926224	0.2230225	0.122844	0.100194	0.1089113	0.1346978	0.0922987	0.1178498	0.0848431	0.07455
G15	0.4024607	0.4178611	0.3917724	0.4770682	0.6720611	0.557366	0.4767535	0.7575834	0.4989738	0.5486426	0.5290318	0.6109809	0.5792997	0.5670204	0.5040329	0.4754924	0.4978339	0.4339237	0.4202028	0.4986192	0.5853862
G16	0.766406	0.7349853	0.7933619	0.6994274	0.6089263	0.6364453	0.6231297	0.7369824	0.6921612	0.551891	0.4881014	0.5125015	0.6124999	0.6688286	0.6518974	0.4683683	0.6171145	0.6910209	0.7787615	0.5889752	0.6917298
G17	0.0716782	0.1031787	0.1078796	0.1284435	0.1100815	0.1002725	0.1313323	0.0598954	0.0428455	0.092308	0.1096617	0.0940813	0.1025698	0.0607155	0.0737309	0.0726231	0.0867365	0.093467	0.1054401	0.0941663	0.0538251
G18	0.5243982	0.5706498	0.612759	0.5180706	0.6489266	0.5766615	0.5972764	0.6011952	0.60014	0.5259746	0.6803274	0.501264	0.6667152	0.5150215	0.4839404	0.7172198	0.6019062	0.8330576	0.6679801	0.6911545	0.5949468
G19	0.3986597	0.4936162	0.3113244	0.4354145	0.447373	0.2610589	0.4036913	0.4250448	0.4017653	0.421253	0.3851965	0.4845694	0.42903	0.3228336	0.334986	0.3592284	0.2759453	0.274123	0.3376065	0.3427856	0.3164754
G20	0.6566704	0.6423992	0.6487358	0.6645299	0.6607416	0.72118	0.62645	0.5658595	0.6490707	0.6656067	0.5621208	0.624653	0.5603653	0.6003399	0.5893183	0.583388	0.5718652	0.6520479	0.4870773	0.6526408	0.5712504
G21	0.0443243	0.0161223	0.0301919	0.041527	0.0938069	0.1822448	0.2739608	0.2455937	0.2471404	0.1864217	0.3473923	0.5083124	0.3062798	0.1312221	0.0749034	0.0818147	0.0661685	0.0802856	0.0955121	0.0381764	0.064919
G22	0.3587726	0.2552822	0.2900442	0.3124214	0.3271227	0.3423754	0.3103849	0.3123648	0.286169	0.3619102	0.3936036	0.3280423	0.453778	0.4401567	0.3629372	0.3523351	0.3617592	0.419414	0.2979398	0.3981949	0.4912532
G23	0.1505228	0.18092	0.1700726	0.1911451	0.3484172	0.3815267	0.3107153	0.3544829	0.4382652	0.3010123	0.2930065	0.2811954	0.3966584	0.3176281	0.354028	0.3027245	0.2217919	0.2471224	0.1699413	0.1616605	0.1809898
G24	0.3632718	0.1635218	0.102525	0.0742124	0.0837334	0.0431969	0.0840702	0.0534568	0.0495215	0.0744462	0.0397078	0.3004032	0.3388156	0.4343949	0.4260989	0.4379328	0.4034408	0.3502748	0.3781828	0.3813763	0.419144
G25	0.2747787	0.2168598	0.1831728	0.1035896	0.0828105	0.0391771	0.0336349	0.0044644	0.0361843	0.023628	0.0344022	0.0321048	0.075316	0.1475242	0.1968193	0.2665531	0.2233673	0.3784056	0.3113717	0.265055	0.2053741
G26	0.1916376	0.1372019	0.1469997	0.1123392	0.130786	0.0846285	0.1040359	0.1331886	0.1078778	0.1579024	0.1387366	0.168502	0.1034818	0.13297	0.1142699	0.1356326	0.0979963	0.117422	0.1462441	0.1770333	0.1567256
G27	0.2566147	0.4954875	0.3903498	0.4018107	0.3395319	0.4935814	0.474389	0.5302434	0.4671408	0.4384136	0.4924084	0.4428419	0.3607176	0.3017602	0.3719784	0.2982953	0.3686535	0.2495933	0.2736945	0.2277967	0.2250477
G28	0.3042539	0.1301373	0.0429514	0.028986	0.0264903	0.0407343	0.0144984	0.0258817	0.0357318	0.0223399	0.0235424	0.1756216	0.2188873	0.2221511	0.271121	0.19194	0.2398113	0.2134636	0.2485865	0.3312823	0.2510883
G29	0.2469385	0.2310304	0.2055815	0.1224288	0.0406083	0.0109391	0.0159711	0.0190712	0.010502	0.0099522	0.0092042	0.1650333	0.2504738	0.3229332	0.3795681	0.4117398	0.418034	0.3544365	0.2544012	0.2938412	0.2907587
G30	0.5659083	0.6649933	0.7456512	0.5296522	0.6166766	0.3758567	0.2692915	0.4905736	0.422493	0.285752	0.501579	0.4191335	0.486028	0.5070372	0.5006506	0.5814378	0.4460641	0.5000895	0.5370526	0.436246	0.4796559
G31	0.2474287	0.1985033	0.175451	0.152504	0.1386138	0.0638247	0.0645668	0.0351037	0.0636448	0.0726297	0.0600747	0.0715908	0.1683751	0.2355428	0.2452609	0.3693879	0.3025687	0.2336854	0.213766	0.257227	0.2347464
G32	0.5681519	0.5936284	0.6350649	0.4795947	0.3777997	0.380549	0.3630268	0.3704802	0.4012164	0.281375	0.3506685	0.3839602	0.589959	0.5941801	0.7435233	0.5491022	0.6923624	0.6795532	0.604865	0.618352	0.4983464
G33	0.4767196	0.3782447	0.5570205	0.586745	0.5499139	0.6154265	0.6396208	0.6818791	0.6499521	0.6158452	0.571792	0.5489222	0.556314	0.4163545	0.4266626	0.4530802	0.4739677	0.5056791	0.3685024	0.438907	0.4242929
G34	0.6000229	0.2377091	0.1463162	0.1434073	0.1677099	0.1083734	0.1795436	0.158087	0.1398196	0.1150303	0.1263228	0.5171527	0.5529334	0.5607665	0.5276655	0.6467608	0.5208888	0.45181	0.5033368	0.5905929	0.5539295
G35	0.5660045	0.6783852	0.5804121	0.7538708	0.6179568	0.7337711	0.7024048	0.6645845	0.7042012	0.6004172	0.6562623	0.6440348	0.6964278	0.6879097	0.4545833	0.5734909	0.7334517	0.716169	0.5934139	0.6234365	0.7979912
G36	0.2404913	0.1899336	0.1617023	0.1918396	0.124499	0.139569	0.1519132	0.1509537	0.1316277	0.1412455	0.0959555	0.0899277	0.1845872	0.1748813	0.2637155	0.1911333	0.2650611	0.2474232	0.2993446	0.2599844	0.2726461
G37	0.3267662	0.460305	0.6000964	0.411215	0.3565121	0.4356837	0.4295698	0.4940928	0.4663037	0.524526	0.4565845	0.5366818	0.3975982	0.4863646	0.3234822	0.3931616	0.3085333	0.4366655	0.4298944	0.4732655	0.3831017
G38	0.6634919	0.6104541	0.6113425	0.6920741	0.6242691	0.5898821	0.4705777	0.6157095	0.7437902	0.5967903	0.6074498	0.6417092	0.694778	0.6041025	0.5836141	0.5644531	0.6085263	0.57352	0.6225601	0.6507329	0.6593954
G39	0.2734102	0.5302807	0.4118535	0.5020505	0.4497757	0.4787832	0.4918596	0.3658194	0.398615	0.3985238	0.5609499	0.2780305	0.2374766	0.3340848	0.314771	0.3418483	0.3337362	0.3089465	0.4510636	0.3503332	0.3417768
G40	0.4056045	0.411308	0.4553083	0.3722648	0.4817655	0.3372327	0.4397235	0.3926181	0.3906442	0.403407	0.3868388	0.5528924	0.511306	0.416705	0.3978972	0.4022758	0.4250301	0.4125683	0.3470006	0.3994019	0.4572516
G41	0.1998986	0.3269139	0.4374098	0.442114	0.4496059	0.4481932	0.5094814	0.3996269	0.3350109	0.4101974	0.4048406	0.3269992	0.3129776	0.1994574	0.2245661	0.2375011	0.2045649	0.2494532	0.2191	0.1879951	0.177829
G42	0.3889149	0.5730098	0.5277564	0.5269328	0.6305514	0.4274444	0.4909216	0.4042402	0.528108	0.4216927	0.5451835	0.4799762	0.545557	0.5090661	0.4521623	0.4571995	0.4527935	0.5328786	0.5405221	0.6018335	0.4325493
G43	0.513094	0.4875371	0.4536318	0.425928	0.4763633	0.4938702	0.5250979	0.3828467	0.4228918	0.3872258	0.3573183	0.3979013	0.4972987	0.3447337	0.4385298	0.4114524	0.420006	0.4754304	0.4629809	0.4468902	0.344383
G44	0.495048	0.7019325	0.5934853	0.6633424	0.5680526	0.596813	0.6823621	0.6438138	0.5815858	0.5695662	0.7257685	0.468904	0.5125718	0.4876484	0.4223435	0.4824512	0.5477851	0.4991289	0.4841345	0.5284459	0.5867402
G45	0.5704025	0.4579271	0.5001647	0.5020603	0.5646491	0.3914145	0.4310516	0.4480249	0.4919587	0.545549	0.4970534	0.5277918	0.4757148	0.4898795	0.4890178	0.4749823	0.4083061	0.527162	0.4571578	0.5321999	0.5160719
G46	0.1155617	0.0912513	0.0652841	0.0480634	0.0474863	0.0567884	0.0527531	0.0632275	0.0397512	0.0313563	0.0388912	0.0679359	0.0565602	0.0755868	0.0941733	0.0940766	0.1490134	0.1084038	0.0801786	0.0828556	0.1381141
G47	0.2765401	0.2789916	0.413204	0.2956335	0.2967241	0.4483565	0.2664892	0.3073319	0.2740464	0.3020858	0.311749	0.2998166	0.3325359	0.2872041	0.3976749	0.3647088	0.3634486	0.308792	0.2958923	0.2122476	0.264442
G48	0.0165969	0.0284187	0.0379304	0.0273349	0.0489709	0.0341403	0.0300655	0.0294717	0.0368614	0.0357498	0.0326884	0.0445166	0.0586525	0.0196998	0.0436915	0.0552998	0.0516641	0.0617288	0.0239206	0.0234091	0.0315829
G49	0.7401083	0.5960524	0.6904383	0.7021793	0.6186292	0.5259263	0.676591	0.5640639	0.7587308	0.716963	0.5995692	0.644954	0.6232599	0.6229419	0.5799143	0.5584942	0.6840561	0.7088606	0.6069003	0.6595165	0.599543
G50	0.3438327	0.2222349	0.2154861	0.09834	0.1897389	0.1666663	0.097501	0.1214534	0.1405331	0.1443697	0.1505725	0.3027457	0.2545593	0.2837214	0.4174448	0.322449	0.3544889	0.371534	0.2906289	0.2638845	0.2614206
G51	0.5450136	0.5875665	0.6690172	0.5530239	0.7084152	0.7502358	0.6981713	0.669969	0.6558687	0.6056473	0.59571	0.7507183	0.5350332	0.529337	0.6579229	0.5696006	0.5957274	0.6665952	0.6204939	0.5688806	0.6262457
G52	0.3001083	0.3339872	0.318721	0.2247565	0.3112449	0.2622333	0.2488276	0.2472692	0.283322	0.2872047	0.3245856	0.2743053	0.2497153	0.3325165	0.2193845	0.2009346	0.2195405	0.1813242	0.261227	0.2059621	0.2916011
G53	0.133079	0.180004	0.1787614	0.1958553	0.1715077	0.145872	0.1686891	0.134691	0.1842315	0.1980475	0.2330076	0.1190173	0.0847772	0.0551022	0.0854445	0.1128623	0.1017668	0.0518384	0.1035542	0.0636034	0.1194511
G54	0.2343147	0.3616979	0.4040654	0.5521783	0.5199994	0.4400341	0.5306479	0.5172101	0.5343125	0.6184477	0.5171066	0.4600201	0.3537245	0.3794624	0.3816147	0.4601972	0.2720385	0.2651679	0.3239461	0.2794972	0.2887315
G55	0.4214989	0.4064484	0.3103825	0.3345246	0.2913155	0.2681042	0.2881793	0.2953871	0.2925757	0.2930952	0.367229	0.3096505	0.322883	0.3432163	0.32183	0.2994951	0.2969892	0.3671344	0.2778401	0.3361429	0.4424001
G56	0.2888137	0.1612041	0.2911079	0.2355819	0.2420971	0.3490178	0.202081	0.2075101	0.2419829	0.257902	0.1824405	0.1887995	0.3655313	0.1714976	0.2469477	0.2911294	0.33146	0.3008206	0.302497	0.2295546	0.2458081
G57	0.3766004	0.3399133	0.3303566	0.3235305	0.2771645	0.2730308	0.3095537	0.2922337	0.2785256	0.3022106	0.2763939	0.3340073	0.2622691	0.205738	0.2258515	0.2041803	0.2626733	0.2954401	0.3032417	0.391549	0.3432566
G58	0.001887	0.2671609	0.2882656	0.2793915	0.2412077	0.3710093	0.3358608	0.2720074	0.381349	0.3828721	0.2796036	0.1434489	0.0981646	0.0259005	0.0049617	0.0129087	0.0027739	0.0017953	0.0009547	0.0107665	0.015801
G59	0.1436322	0.1663396	0.132847	0.1312643	0.2113956	0.1907927	0.2610942	0.2332454	0.2237306	0.1991789	0.1718727	0.187357	0.1491963	0.2397308	0.2087647	0.1804719	0.1256935	0.2364012	0.2252783	0.2109335	0.1720675
G60	0.0722995	0.0771063	0.1166351	0.1764196	0.1196683	0.0976289	0.1596711	0.2087318	0.1798739	0.2200421	0.1636961	0.1844957	0.1071261	0.0939803	0.0761465	0.1338445	0.1558652	0.1258213	0.0965242	0.1140389	0.0864728
G61	0.3466415	0.345111	0.4451889	0.3488198	0.3092804	0.3457331	0.2652936	0.2285884	0.3011599	0.2758239	0.3008757	0.3066566	0.340488	0.3423108	0.2746866	0.3660343	0.3950445	0.33735	0.3350433	0.251772	0.3646755
G62	0.485127	0.5385974	0.5837295	0.5694579	0.6171944	0.5909327	0.666048	0.5166568	0.6668936	0.5969306	0.5787503	0.6849085	0.6404988	0.5485455	0.5678434	0.5913823	0.5633526	0.5971139	0.4934727	0.5592839	0.4040459
G63	0.6022909	0.625522	0.645375	0.743627	0.7989439	0.575121	0.4188837	0.601803	0.5995564	0.647587	0.6805488	0.6825465	0.6303098	0.6499479	0.7063912	0.5621384	0.5447757	0.7319887	0.5530919	0.6163948	0.5763712
G64	0.4594244	0.5344056	0.5870802	0.4181725	0.3874367	0.346812	0.2472485	0.2276278	0.2312177	0.2024297	0.197777	0.1674492	0.3155287	0.3641452	0.4054628	0.5112833	0.6102981	0.5595258	0.4340494	0.5075458	0.4854456
G65	0.1717	0.0565347	0.0450485	0.010338	0.0103619	0.0017661	0.0129584	0.0141985	0.0450724	0.0417954	0.0618884	0.2044085	0.3027946	0.3008695	0.1955862	0.2117932	0.1331239	0.1437907	0.1650476	0.197139	0.1870216
G66	0.5453413	0.5045203	0.5864364	0.661577	0.6204216	0.7301146	0.6070798	0.5672171	0.6648634	0.5928381	0.6354866	0.5413908	0.6510732	0.7039848	0.5727362	0.6300309	0.4439269	0.5517493	0.5996142	0.5852962	0.5833825
G67	0.3761418	0.2626674	0.2366036	0.3397243	0.3000839	0.3137609	0.40629	0.2910349	0.3476039	0.3927382	0.3160792	0.4208453	0.2953817	0.3159964	0.3997267	0.3007779	0.272395	0.3056238	0.3548567	0.3204449	0.2954463
G68	0.4129425	0.5629239	0.5638379	0.5318592	0.407667	0.3821277	0.4534147	0.4739729	0.5072632	0.4693204	0.427419	0.4985353	0.4463921	0.4612306	0.4381438	0.6208765	0.4611581	0.4224089	0.4446687	0.4200764	0.4969527
G69	0.3931316	0.3353262	0.2547826	0.2179427	0.1832168	0.1294566	0.0505991	0.041738	0.0325671	0.041547	0.009605	0.0087022	0.0402034	0.1753494	0.2816555	0.3678079	0.3896399	0.3716201	0.3591973	0.3159329	0.2484594
G70	0.2677013	0.2176581	0.2812568	0.3485085	0.4507796	0.4204658	0.4261651	0.5013766	0.4982167	0.4676445	0.4276432	0.4126707	0.3215249	0.2478719	0.1807052	0.2574247	0.2284302	0.262785	0.4212385	0.3783711	0.3784235
G71	0.293925	0.3815044	0.5725786	0.3906448	0.4899423	0.4621235	0.581308	0.4276953	0.5060037	0.3522578	0.4094885	0.1719266	0.1244764	0.1913235	0.2533226	0.2567108	0.3033337	0.2598176	0.3565492	0.2321605	0.2816116
G72	0.1911059	0.5399333	0.6167085	0.706853	0.6899556	0.5715861	0.5613711	0.6073134	0.561284	0.5966715	0.6963147	0.1896305	0.1277795	0.1911813	0.2606631	0.2652874	0.3467682	0.2909463	0.2325546	0.1573161	0.1364404
G73	0.4678053	0.4062189	0.5840331	0.5201188	0.4875244	0.4901156	0.532522	0.5081845	0.6547275	0.5375899	0.4087173	0.5096985	0.4019021	0.5362243	0.4433074	0.4756511	0.5360914	0.5053566	0.4225347	0.3947018	0.4589097
G74	0.0787564	0.0644	0.0614915	0.079229	0.1552972	0.1327924	0.140832	0.0967199	0.1724111	0.1490873	0.1752568	0.1813178	0.1665864	0.1121844	0.0933551	0.1074665	0.1399377	0.081506	0.0965995	0.0684667	0.0602785
G75	0.1547894	0.2161543	0.2028761	0.1914789	0.14684	0.1565442	0.1488328	0.1667432	0.1972896	0.2347606	0.1689015	0.1838462	0.2105542	0.1568143	0.1836702	0.1702954	0.1825012	0.1664042	0.2180871	0.1816535	0.1731845
G76	0.5272573	0.5213797	0.4175008	0.5236844	0.5098273	0.4332955	0.4673766	0.5625363	0.5530052	0.5143492	0.4349204	0.5188264	0.4509709	0.5783193	0.639807	0.5557819	0.5124503	0.5365276	0.4376573	0.531971	0.5269114
G77	0.0479962	0.0293869	0.0160736	0.0233234	0.0145168	0.0168502	0.030477	0.0210994	0.0130097	0.0220833	0.0467596	0.0485107	0.0572058	0.0597932	0.0720741	0.0535058	0.0355679	0.0668529	0.0649767	0.0774791	0.0658927
G78	0.2716347	0.3287655	0.3789848	0.3419435	0.2627595	0.2955152	0.295871	0.3000624	0.2918407	0.3382948	0.2831427	0.3478449	0.3630838	0.4733731	0.2643341	0.3337467	0.3585383	0.3088134	0.2995054	0.269551	0.3133209
G79	0.1947048	0.2160885	0.2961874	0.2723283	0.3041163	0.3036597	0.3920571	0.3455394	0.374662	0.3506205	0.4362102	0.4162001	0.3771437	0.3537831	0.3050745	0.2738419	0.1330211	0.1990137	0.256258	0.2208191	0.2204545
G80	0.656175	0.6810403	0.5821287	0.6855816	0.6707631	0.6119489	0.7146233	0.6647946	0.7246937	0.527667	0.5545844	0.6346669	0.6740749	0.6807359	0.7004668	0.6773966	0.5844888	0.63833	0.587433	0.7068674	0.625196
G81	0.1524112	0.259947	0.2025852	0.1345447	0.1672229	0.1909098	0.2238782	0.1980623	0.2252562	0.1955746	0.1050731	0.1973727	0.259608	0.1864875	0.225021	0.1769124	0.15742	0.2024411	0.261715	0.1678467	0.1779193
G82	0.315042	0.5501498	0.4833659	0.6655064	0.6603658	0.6310757	0.5067972	0.4630434	0.5998849	0.4965794	0.5784989	0.3377335	0.2826323	0.3368428	0.4855509	0.341298	0.4591325	0.3166637	0.2665879	0.3120489	0.3687344
G83	0.029562	0.3710469	0.5804727	0.6495034	0.5929916	0.7634445	0.5980639	0.6302758	0.6042452	0.5629183	0.5071264	0.3722252	0.2154103	0.0443377	0.0218595	0.0252886	0.0124332	0.0367566	0.0185352	0.0051357	0.0058173
G84	0.2330249	0.2924541	0.5433508	0.550475	0.6248797	0.5673731	0.5008546	0.6059643	0.5236459	0.5423077	0.5728088	0.5511721	0.5091502	0.3368201	0.251376	0.0740645	0.0905524	0.1549631	0.1509408	0.2214316	0.261673
G85	0.5917976	0.4908682	0.4583902	0.5232264	0.5753702	0.6918356	0.647945	0.5811466	0.5074251	0.5470823	0.5220639	0.5860985	0.4125566	0.5717405	0.549475	0.5854329	0.7952933	0.593054	0.6009322	0.6698811	0.5568134
G86	0.6542532	0.5968881	0.6610571	0.6736647	0.7055213	0.6546415	0.6972056	0.6989327	0.6140157	0.5812083	0.5617748	0.7197749	0.697837	0.5982471	0.5506042	0.5690464	0.635782	0.5843466	0.5961341	0.5438947	0.6341266
G87	0.2752209	0.1839442	0.2507631	0.2821821	0.223658	0.2733798	0.2574202	0.2636005	0.2159433	0.2196099	0.2262024	0.2274119	0.2380015	0.2240001	0.2512649	0.2642454	0.2428767	0.2668168	0.2705623	0.2076696	0.2419488
G88	0.2456867	0.2170318	0.2431426	0.2619805	0.2432708	0.248411	0.2809211	0.3862797	0.2390676	0.2843413	0.3201148	0.3067538	0.2963101	0.2218626	0.2808176	0.2181058	0.1955353	0.1687761	0.2246913	0.2053437	0.1714401
G89	0.2870264	0.287469	0.384416	0.3979662	0.3326663	0.4230725	0.5242724	0.3266684	0.3944584	0.3807832	0.4806524	0.5326138	0.3619125	0.3082086	0.3229071	0.3736477	0.4111804	0.474526	0.45897	0.4819312	0.4855177
G90	0.0708829	0.054409	0.0337693	0.0969806	0.081047	0.0725939	0.105194	0.0682606	0.07082	0.0604142	0.0568033	0.0916848	0.0615527	0.0806643	0.1063671	0.0443596	0.0622155	0.081661	0.0628468	0.0539853	0.0635087
G91	0.7019919	0.6348215	0.6861755	0.6292065	0.6100356	0.6083507	0.669982	0.755577	0.6588517	0.653015	0.6174328	0.6077468	0.6046894	0.6740166	0.6120654	0.6424933	0.6390909	0.5560233	0.6196235	0.6390006	0.6525633
G92	0.5593721	0.6810972	0.5829368	0.5325408	0.6024584	0.7507	0.7052215	0.6735169	0.6565198	0.6763586	0.5961064	0.6464956	0.6159645	0.7642477	0.6551292	0.7377396	0.6392209	0.5501636	0.7555859	0.6152497	0.6578777
G93	0.6060382	0.6044378	0.5392485	0.564691	0.6978848	0.7607497	0.7134636	0.5795209	0.6240182	0.5927502	0.5098755	0.5731651	0.572556	0.529273	0.495562	0.5852497	0.4515393	0.5935323	0.6102333	0.5848381	0.6008897
G94	0.5607772	0.6532875	0.5886864	0.7242801	0.6483692	0.6977595	0.6277502	0.5017748	0.6881204	0.6780618	0.7552416	0.65043	0.6437809	0.7193766	0.6524424	0.6253506	0.6318142	0.5520619	0.6996495	0.6681649	0.5184508
G95	0.2601814	0.2649039	0.3706639	0.5262817	0.4884263	0.5485455	0.5265106	0.5758991	0.5540167	0.5147678	0.4707866	0.5381153	0.4556558	0.2676645	0.2942956	0.3945623	0.3120551	0.4107052	0.3709204	0.3103252	0.2196917
G96	0.7125153	0.3181842	0.2489478	0.3407561	0.2109382	0.2239384	0.1722176	0.2244336	0.2194733	0.2101583	0.3219036	0.5215608	0.5672145	0.7103376	0.5789846	0.645465	0.7493592	0.6129835	0.5552644	0.6113713	0.6172265
G97	0.549412	0.5917782	0.6712352	0.5809807	0.497782	0.582406	0.5862056	0.6384871	0.643895	0.588244	0.5648382	0.5926131	0.5623197	0.58101	0.7345914	0.5735388	0.721674	0.5988209	0.6806405	0.524399	0.5840543
G98	0.1717511	0.0471124	0.0415018	0.0690975	0.0777218	0.0592022	0.0276363	0.0411387	0.0475499	0.0532337	0.0376252	0.1111248	0.0794281	0.0989782	0.1251851	0.0656012	0.0777799	0.0910983	0.0630611	0.0761342	0.0499264
G99	0.6926254	0.6946683	0.6243956	0.6587559	0.5835722	0.6426662	0.6879094	0.7399851	0.6755815	0.629243	0.6121303	0.5016834	0.5859467	0.7363034	0.7214224	0.5664925	0.644126	0.5973522	0.628109	0.7072999	0.8382546
G100	0.5413419	0.5798039	0.6722326	0.7612245	0.6007404	0.5686169	0.6569279	0.6910715	0.644577	0.6309707	0.6752699	0.6395558	0.6735866	0.6163681	0.5667056	0.6344018	0.5802658	0.5839096	0.6491738	0.6808996	0.5743115
