ID	0	50	100	150	200	250	300	350	400	450	500	550	600	650	700	750	800	850	900	950	1000
G1	0.3293276	0.3414776	0.3451513	0.3548591	0.3313288	0.3148986	0.4096033	0.2581789	0.3472406	0.2305261	0.2742908	0.2053611	0.2749624	0.4856351	0.2737587	0.3333262	0.3752207	0.3274995	0.3551831	0.3563378	0.3117004
G2	0.1771189	0.2701188	0.1773829	0.2142742	0.3386396	0.2542082	0.3181641	0.3047652	0.2647701	0.2441656	0.2271074	0.2063147	0.3997651	0.1777339	0.2365045	0.2621388	0.2340062	0.1880384	0.2296707	0.2237973	0.261822
G3	0.5789156	0.635807	0.652509	0.6063361	0.4716784	0.5756286	0.6169918	0.573878	0.5192099	0.5724076	0.554866	0.5981238	0.4779255	0.5996941	0.4733079	0.5822103	0.4827022	0.5840606	0.6379747	0.5850946	0.5385282
G4	0.348006	0.4112119	0.3878391	0.3030625	0.5294864	0.2697936	0.4054273	0.4731663	0.3641738	0.4158301	0.4580008	0.4273018	0.4671283	0.4119805	0.3370661	0.3471455	0.445524	0.3887117	0.4086234	0.4032549	0.4186815
G5	0.1273115	0.4064311	0.4679318	0.6322088	0.8505339	0.576203	0.5724622	0.6660315	0.5100263	0.6230887	0.6867804	0.3495889	0.1813759	0.1226194	0.0890601	0.1155761	0.0815951	0.1387852	0.0479602	0.0711515	0.1117325
G6	0.5967775	0.5863984	0.5207052	0.6390913	0.6269797	0.6925631	0.5943556	0.6441021	0.5885032	0.6460198	0.6416516	0.5864779	0.6024142	0.6177369	0.6139475	0.632941	0.6541654	0.6492804	0.5908615	0.555789	0.6491276
G7	0.4882	0.5339415	0.4810326	0.5837274	0.4553829	0.4297941	0.4919766	0.4390428	0.3712701	0.4340925	0.3523094	0.4051569	0.3779524	0.4627432	0.5371811	0.4644586	0.523402	0.4745688	0.5800408	0.4924903	0.6162152
G8	0.4396715	0.4071256	0.4514339	0.3899591	0.4032589	0.3401022	0.3075309	0.3457428	0.3297244	0.4023689	0.3423952	0.2495454	0.3089291	0.2765504	0.3551707	0.3776745	0.4306434	0.4800908	0.4701042	0.4642483	0.4341476
G9	0.7174562	0.5609173	0.3775855	0.2743004	0.3690619	0.3610676	0.3868061	0.3324479	0.3704352	0.3985992	0.3440604	0.6580067	0.6403708	0.6102442	0.6514207	0.6159139	0.7446302	0.601845	0.6390103	0.6384843	0.7019388
G10	0.2332334	0.205384	0.2202602	0.2910749	0.2835424	0.342355	0.3691955	0.2917038	0.260153	0.2911441	0.2133824	0.3092579	0.2674209	0.2142398	0.1948309	0.1884219	0.1875711	0.2266373	0.2336733	0.2359699	0.193289
G11	0.3356048	0.2965096	0.398226	0.3797265	0.3811406	0.3581993	0.3923469	0.3754337	0.3620251	0.4048766	0.3754677	0.3644207	0.3699192	0.3851708	0.3730832	0.374181	0.3629241	0.2976353	0.2982144	0.3542944	0.5132357
G12	0.1650064	0.1340214	0.2045981	0.2317731	0.2977677	0.2533511	0.3363782	0.291495	0.3816978	0.4107564	0.3543986	0.2825601	0.2200288	0.2505372	0.173428	0.2079464	0.1931272	0.1963587	0.1691291	0.1539358	0.1997642
G13	0.1461893	0.201376	0.2283544	0.2348332	0.2805298	0.2561073	0.3412967	0.3547867	0.3221907	0.3685445	0.3725266	0.3903008	0.4443293	0.2637963	0.1934028	0.1952735	0.164135	0.1852533	0.1512956	0.1728034	0.184602
G14	0.3422381	0.2931042	0.3076398	0.2044845	0.2465126	0.3787818	0.3835246	0.2679223	0.320914	0.3548998	0.315143	0.288619	0.37146	0.3655523	0.2964484	0.3032294	0.2467138	0.2934648	0.2506015	0.3000745	0.2697579
G15	0.1172481	0.1027328	0.1190183	0.1577231	0.1339805	0.1783591	0.1834767	0.1708658	0.2412292	0.2188687	0.2264197	0.2163871	0.2010864	0.2443869	0.1277733	0.171485	0.2044483	0.2214694	0.1974834	0.1759076	0.1089262
G16	0.2502915	0.1357875	0.1312737	0.0931269	0.0566671	0.0594039	0.1138111	0.0636634	0.08898	0.0697736	0.0833128	0.0886022	0.1173586	0.1425681	0.2988274	0.2221855	0.1731855	0.2503188	0.2741134	0.2580115	0.1964802
G17	0.5140306	0.525149	0.5817311	0.5083422	0.5711949	0.5205604	0.4544898	0.5131645	0.6043246	0.5811673	0.6349294	0.5893816	0.4578427	0.5233492	0.5463366	0.6053549	0.5114882	0.6064572	0.4722088	0.5811629	0.5999863
G18	0.2832973	0.2416525	0.2909019	0.1981789	0.203803	0.1713049	0.1436898	0.2924732	0.2399853	0.1947229	0.2470162	0.2497629	0.1857955	0.2064377	0.1658942	0.1104132	0.127415	0.220064	0.2103745	0.2030463	0.3185926
G19	0.4542156	0.4584744	0.4268022	0.5400787	0.4332614	0.2905443	0.2742874	0.2346072	0.1239798	0.1554157	0.2136626	0.1772544	0.1377919	0.2795513	0.1467569	0.2026365	0.2606601	0.3772074	0.3552457	0.3766732	0.6077432
G20	0.4917981	0.4016425	0.3612397	0.3960231	0.3624656	0.437352	0.3772444	0.4244027	0.3753568	0.3100786	0.327386	0.4660881	0.3520172	0.4368662	0.4070809	0.4962404	0.4481754	0.428159	0.3924431	0.3578979	0.4578945
G21	0.1170956	0.0152562	0.0489055	0.0590941	0.0577034	0.0562702	0.0547667	0.0649984	0.0948986	0.125292	0.1021856	0.3179254	0.2954966	0.2389628	0.1502994	0.1720193	0.2044484	0.2283826	0.16615	0.1614092	0.2101048
G22	0.184469	0.2121857	0.118273	0.2453631	0.3707416	0.5399673	0.3981017	0.5744863	0.6228217	0.4948783	0.550556	0.5638773	0.425833	0.4144113	0.4567991	0.3175513	0.3775753	0.321669	0.1640447	0.1445201	0.1694702
G23	0.5458242	0.1916567	0.0414247	0.027468	0.0216695	0.0247375	0.0195161	0.0233546	0.0262213	0.0122458	0.0227454	0.2862722	0.360419	0.4892592	0.3922644	0.4433894	0.536087	0.5202224	0.6222415	0.4348303	0.5710992
G24	0.3774117	0.3843898	0.3610497	0.3054552	0.2381053	0.1757901	0.20382	0.1610862	0.1130044	0.141181	0.1645341	0.1140533	0.2261836	0.1606097	0.1891041	0.1878578	0.3176381	0.2544396	0.4237219	0.5076986	0.4307465
G25	0.6884222	0.5186695	0.4757521	0.3888692	0.5967851	0.4596606	0.5506863	0.5865299	0.5081059	0.4494492	0.4037976	0.6315319	0.6932886	0.564098	0.6269597	0.4922572	0.4958588	0.6194011	0.5617203	0.5883045	0.5231866
G26	0.6479301	0.5881863	0.4443187	0.4684842	0.5446872	0.5303774	0.5499976	0.5510303	0.5483247	0.5901666	0.5312204	0.5605266	0.5326832	0.6612788	0.6663894	0.5787053	0.5108951	0.6368568	0.5904995	0.4992897	0.4714467
G27	0.2997468	0.3927301	0.2879616	0.2882439	0.2908602	0.2880713	0.3211733	0.2450423	0.2851405	0.3018299	0.3121539	0.2819629	0.2739518	0.2481286	0.2506767	0.3047729	0.3342202	0.2141809	0.3674328	0.270348	0.3316548
G28	0.3987808	0.4749212	0.5087627	0.3636305	0.451796	0.4588721	0.4493233	0.4826018	0.5162881	0.4201009	0.4361232	0.5061822	0.5453018	0.4976172	0.4557327	0.4327117	0.4253196	0.4545496	0.4224503	0.5961606	0.4507538
G29	0.0805303	0.1157881	0.0551143	0.0883451	0.1097743	0.0634736	0.060563	0.1379644	0.0667865	0.1068202	0.0782735	0.0859256	0.0426863	0.0408485	0.061514	0.0351356	0.0709052	0.0915055	0.0442803	0.0489827	0.1219953
G30	0.0026945	0.0007907	0.001188	0.0089867	0.008633	0.0093703	0.003915	0.0011932	0.0020809	0.0035375	0.0031364	0.0024	0.017234	0.0042696	0.0090146	0.0003549	0.0023709	0.0011298	0.0013182	0.0061257	0.0035137
G31	0.2122902	0.5158654	0.5690229	0.5667526	0.5618683	0.5081166	0.5952757	0.6564446	0.5458654	0.5466806	0.5611397	0.3126831	0.2952052	0.1857955	0.1782125	0.1760787	0.1658113	0.2432205	0.179631	0.3005118	0.3072832
G32	0.3152525	0.4863147	0.3344434	0.5002335	0.3845156	0.4105552	0.4385621	0.4152548	0.5065067	0.4470845	0.3873311	0.3394304	0.3485461	0.3081201	0.3775004	0.318874	0.2714342	0.3266373	0.4318164	0.3879375	0.3784294
G33	0.6922261	0.6200976	0.6620602	0.6240234	0.6541843	0.6417979	0.645771	0.6937666	0.6901637	0.8162831	0.6864732	0.6028575	0.690297	0.7562778	0.7097855	0.597456	0.5046634	0.6216958	0.7321992	0.6611012	0.6523391
G34	0.2637367	0.2693692	0.2621461	0.2830633	0.2667527	0.292945	0.2634385	0.3343469	0.2908575	0.3944415	0.3402928	0.3519722	0.3648742	0.2466681	0.3398412	0.3054804	0.3226255	0.2890581	0.279919	0.2379003	0.2682916
G35	0.328071	0.2638001	0.2208805	0.2965316	0.2419595	0.3309634	0.2631032	0.2518288	0.308953	0.3377383	0.2442287	0.2363898	0.1583568	0.1550805	0.1929783	0.1420469	0.2310362	0.2194653	0.2238322	0.1588951	0.2542515
G36	0.172007	0.1117516	0.162041	0.1624862	0.1846284	0.2755874	0.2913975	0.3193026	0.3397951	0.3694753	0.3905116	0.4677145	0.361535	0.4460907	0.357486	0.3680156	0.2918433	0.3599112	0.2467983	0.1970492	0.100711
G37	0.652264	0.6369527	0.6108405	0.5384327	0.5109741	0.6306908	0.6100277	0.5337039	0.5899404	0.5506176	0.5885924	0.6158463	0.6653633	0.628049	0.5804202	0.6345313	0.5423707	0.5247145	0.629403	0.5622345	0.5567853
G38	0.025688	0.0452727	0.023054	0.0523766	0.0252335	0.0233361	0.0235005	0.0117872	0.0135832	0.0280743	0.0186422	0.0235248	0.017826	0.0507343	0.0289544	0.0302382	0.0143186	0.0104629	0.0160606	0.0106976	0.0147084
G39	0.5405813	0.6811459	0.7373769	0.5293409	0.5250835	0.5717402	0.5753177	0.5481483	0.5694672	0.7740601	0.7131618	0.5785286	0.7370793	0.596278	0.6068674	0.5941326	0.7216606	0.7229561	0.6039464	0.6284038	0.6232082
G40	0.1995944	0.1576463	0.1691079	0.1530776	0.1833187	0.2462497	0.192202	0.1650532	0.1675235	0.1395176	0.1986493	0.1857274	0.3138089	0.2685402	0.3000847	0.2506963	0.3016851	0.2121389	0.2010316	0.264993	0.2820615
G41	0.7338147	0.6796429	0.6105027	0.6773145	0.7483379	0.6901236	0.6243885	0.5818339	0.5309961	0.7494303	0.6611046	0.6824187	0.728159	0.7003785	0.6063076	0.5805875	0.6773202	0.5703881	0.544339	0.7973908	0.6145229
G42	0.0437001	0.1323937	0.2267693	0.166209	0.320019	0.2123839	0.2137871	0.2262068	0.1788489	0.2377925	0.189531	0.0866959	0.1247348	0.0454222	0.0718705	0.0720774	0.0315442	0.0291635	0.0419523	0.0365892	0.0459626
G43	0.4779065	0.3583067	0.2726058	0.2809267	0.2384534	0.3298426	0.2562933	0.3091581	0.2591161	0.2761518	0.3496757	0.5389557	0.5654777	0.5598914	0.5139127	0.4250082	0.4739467	0.710802	0.5210488	0.4766466	0.62851
G44	0.0584747	0.0427786	0.0282543	0.0248227	0.0498468	0.0501392	0.0569155	0.0559732	0.0663904	0.0334838	0.0470773	0.0318043	0.0349286	0.0332996	0.0315274	0.0467011	0.088467	0.0478479	0.045726	0.0294288	0.0370952
G45	0.0782658	0.0515922	0.0684661	0.0470445	0.0455846	0.0674742	0.0603989	0.0512809	0.0363306	0.0692998	0.0510156	0.0515011	0.0632966	0.0406769	0.0770215	0.0589726	0.0476426	0.064222	0.0671128	0.0732506	0.053823
G46	0.7653297	0.6846401	0.6582391	0.6000656	0.6976271	0.6469288	0.7074453	0.7610753	0.558518	0.6924222	0.5529004	0.6567888	0.5250374	0.5779524	0.6291763	0.5514881	0.5969964	0.6602511	0.5598678	0.7063939	0.6258786
G47	0.3827489	0.4010809	0.4319075	0.3913969	0.404489	0.3361536	0.3422172	0.4438657	0.3933177	0.3152128	0.3296187	0.3317329	0.267669	0.3397657	0.316448	0.312692	0.3922195	0.3302266	0.3374108	0.506593	0.3788575
G48	0.2173666	0.2980327	0.2427563	0.2201151	0.3099686	0.2761123	0.2803061	0.3541374	0.2191478	0.3560222	0.264148	0.2114037	0.2644437	0.2056306	0.2484055	0.2655195	0.1999696	0.2117331	0.2911031	0.2788207	0.2865811
G49	0.5747229	0.5585278	0.6404031	0.5629624	0.5334646	0.5785525	0.4961394	0.5180697	0.5518891	0.534709	0.5542802	0.6869902	0.6513563	0.4327812	0.6906128	0.6510558	0.5456213	0.5679474	0.5897711	0.5448388	0.4707978
G50	0.6511421	0.6260163	0.3839721	0.58359	0.476429	0.6484097	0.4528021	0.4013665	0.4748924	0.4919441	0.5005982	0.5434526	0.4068612	0.5099918	0.5531089	0.4700413	0.4956083	0.5711162	0.6152411	0.4527099	0.5550908
G51	0.0588062	0.0918157	0.120393	0.1529427	0.2573076	0.3111487	0.3252007	0.3902198	0.2919234	0.3974226	0.3762247	0.4270395	0.42661	0.395952	0.2546789	0.3104543	0.1735944	0.1776487	0.1582538	0.1548962	0.077102
G52	0.7051945	0.6838784	0.5424343	0.6722757	0.7216425	0.645245	0.5539456	0.5312702	0.5274008	0.4435794	0.4681865	0.6096265	0.4890246	0.556597	0.4738574	0.6102815	0.5596806	0.6374568	0.6548894	0.6358805	0.6239802
G53	0.3235455	0.2931686	0.2080235	0.1243854	0.1072715	0.0444888	0.0763382	0.0356032	0.0675408	0.0315934	0.0378465	0.1455846	0.1708721	0.2656686	0.2894399	0.3591544	0.4034233	0.3208547	0.4336767	0.4343721	0.3836243
G54	0.3357609	0.3780435	0.3698725	0.3438371	0.37228	0.4088513	0.3257812	0.4214134	0.463066	0.4742581	0.4720833	0.3864017	0.4586972	0.3625249	0.4077971	0.4403368	0.6612851	0.5148933	0.5183795	0.5679989	0.4149959
G55	0.7160965	0.6637156	0.6015617	0.5258481	0.584065	0.6237515	0.6161829	0.5431357	0.6669767	0.7002179	0.6198334	0.6176519	0.6769316	0.5946649	0.5484176	0.6615662	0.6976563	0.6448351	0.6115198	0.6399212	0.7059383
G56	0.5214974	0.5368587	0.639536	0.7804168	0.5893	0.8472239	0.6553829	0.774065	0.7300236	0.6431904	0.5980229	0.4622962	0.550727	0.4990976	0.7448349	0.5303706	0.3377519	0.3843268	0.415952	0.4195979	0.5364604
G57	0.1183581	0.1349787	0.1273161	0.1253863	0.169159	0.1164667	0.1185369	0.126271	0.1354668	0.1027001	0.1319424	0.163225	0.1643806	0.0945554	0.134173	0.0850699	0.0680932	0.0607803	0.0991742	0.0692167	0.109436
G58	0.0115778	0.271505	0.4506858	0.4170944	0.3599023	0.5291254	0.3518747	0.4515776	0.5672215	0.4351959	0.391308	0.196542	0.1059764	0.0498242	0.040404	0.0359556	0.0258358	0.0212142	0.0218858	0.0177984	0.0179648
G59	0.0607432	0.0475141	0.0458466	0.0688942	0.0204536	0.0220074	0.0756183	0.0591932	0.0687773	0.0422745	0.0651166	0.0574388	0.0665885	0.0301321	0.0497136	0.0489542	0.0482053	0.0625318	0.0465259	0.043783	0.0481518
G60	0.7496482	0.5404576	0.7484969	0.6224273	0.5726798	0.5969404	0.5986567	0.7082876	0.6659756	0.6373844	0.6338303	0.5959354	0.569972	0.754265	0.5683523	0.6759968	0.7215177	0.7007575	0.6484737	0.6572619	0.6455062
G61	0.0363939	0.0139701	0.0340261	0.041174	0.0426056	0.088931	0.0171321	0.0185679	0.0067849	0.0291586	0.0211353	0.0097558	0.0131739	0.0192513	0.0113569	0.0217069	0.006481	0.0186224	0.0154079	0.0095163	0.0518329
G62	0.08813	0.1509511	0.0821359	0.1352057	0.0815996	0.0970514	0.1457851	0.1150949	0.1713459	0.1488708	0.1192103	0.1082847	0.0951492	0.08655	0.1450094	0.1188222	0.1120508	0.0756572	0.1009336	0.1142334	0.0679517
G63	0.2408222	0.0866521	0.04673	0.0527795	0.032074	0.0542747	0.0304157	0.0464461	0.04655	0.0387671	0.037539	0.1400036	0.2242814	0.1951917	0.1883139	0.2240595	0.2358482	0.2893195	0.2511583	0.1944561	0.2079439
G64	0.5368435	0.4580338	0.4381497	0.4954298	0.5616763	0.368468	0.4902692	0.5098055	0.5145682	0.4636464	0.5620892	0.4025288	0.4801122	0.4698396	0.4043698	0.3913838	0.5773256	0.4243047	0.4857927	0.526213	0.5944573
G65	0.1904267	0.1811394	0.161007	0.2887271	0.3454497	0.316155	0.3971257	0.3505928	0.294708	0.424023	0.3769913	0.2937715	0.364011	0.3277493	0.2628974	0.2548897	0.2543956	0.2276558	0.1965609	0.1787986	0.1795978
G66	0.4845559	0.1882498	0.1106515	0.0474002	0.0574095	0.055486	0.0218273	0.0418474	0.0289675	0.0498859	0.0555522	0.3881274	0.5009767	0.4508235	0.5290804	0.6311227	0.4313932	0.5921409	0.41355	0.545306	0.5358508
G67	0.0247546	0.0373439	0.0206485	0.0857167	0.0512497	0.0510958	0.0748573	0.0784163	0.0536163	0.0459973	0.058539	0.0730057	0.0914892	0.1050277	0.0651269	0.049903	0.0247286	0.0498894	0.0421518	0.0341486	0.0460023
G68	0.0304627	0.0707516	0.1249506	0.0584452	0.0837053	0.0753016	0.0415753	0.0423557	0.0472725	0.0658499	0.0594294	0.0446459	0.090501	0.0378712	0.0600755	0.092335	0.0765003	0.099711	0.0663256	0.0585381	0.1027014
G69	0.1808857	0.18134	0.2142427	0.3107172	0.298021	0.2136119	0.2709857	0.353661	0.2825173	0.2894764	0.3678423	0.3147481	0.4762066	0.255817	0.2922742	0.3021293	0.1531513	0.197461	0.2206428	0.1521899	0.1527812
G70	0.0302063	0.0424559	0.0628235	0.0409417	0.0375689	0.0752429	0.0516366	0.0629019	0.0693647	0.0716371	0.0561507	0.052421	0.0965636	0.0684057	0.0591121	0.0272665	0.0651171	0.0538696	0.0210587	0.0765419	0.0419863
G71	0.6889735	0.6117699	0.766068	0.6568251	0.7103141	0.7044565	0.5961195	0.6940464	0.6751329	0.6779015	0.618356	0.5995449	0.5901838	0.5274927	0.7027784	0.6802115	0.7663684	0.6014842	0.5106114	0.5466261	0.6051227
G72	0.3463443	0.3341346	0.3797717	0.6287497	0.5381762	0.5822688	0.5457594	0.5766565	0.6832824	0.6048197	0.6017935	0.5299586	0.4925193	0.3503369	0.3237691	0.343354	0.3265772	0.3220056	0.3337072	0.2751473	0.3324572
G73	0.2061115	0.5336628	0.6042439	0.5536156	0.5119459	0.6780528	0.6258192	0.6271366	0.6261272	0.6355384	0.5154989	0.3819747	0.2675757	0.2204997	0.2148307	0.2462679	0.2234818	0.2142689	0.1447352	0.173148	0.2055814
G74	0.0405894	0.0040164	0.0100336	0.0023008	0.0047943	0.010619	0.0280608	0.0076799	0.0074432	0.0011073	0.0075079	0.038194	0.0361018	0.0591996	0.0162297	0.0752178	0.0298823	0.0314675	0.0193433	0.0290691	0.02507
G75	0.3888897	0.4104699	0.4137657	0.3785575	0.3689327	0.4711052	0.3677259	0.4218008	0.3636964	0.3746708	0.3928501	0.4038682	0.4554847	0.4519197	0.3371721	0.3516667	0.4218624	0.4460335	0.4166414	0.4003485	0.3712122
G76	0.0544566	0.0471175	0.0496078	0.0631884	0.0288977	0.0392311	0.040309	0.0475351	0.0516104	0.0830483	0.0356675	0.0346209	0.0413852	0.0412426	0.0384465	0.0327839	0.0645211	0.0296183	0.0207503	0.0403445	0.0410088
G77	0.5272395	0.5044481	0.4881785	0.5780864	0.6554299	0.6582653	0.5634143	0.6111943	0.648387	0.6069455	0.6255069	0.5026964	0.4646448	0.5640471	0.4627248	0.5747732	0.5637911	0.489221	0.550766	0.535177	0.5581502
G78	0.5464057	0.3035425	0.261326	0.2722542	0.2291421	0.2670997	0.1706543	0.3263422	0.2780256	0.2428787	0.2165853	0.3349787	0.4108289	0.4336963	0.5461045	0.4230521	0.4838353	0.5089716	0.4380684	0.4081004	0.4308074
G79	0.2723622	0.2078982	0.2649391	0.3016568	0.2733818	0.3664026	0.239866	0.2265805	0.2808129	0.1981943	0.2225281	0.2322725	0.2999783	0.2549669	0.262572	0.1771647	0.2084868	0.206319	0.2526031	0.3742723	0.2434337
G80	0.3654857	0.1526404	0.0578361	0.0421114	0.0405046	0.0322857	0.0525026	0.0599361	0.0608336	0.042996	0.0623716	0.2590519	0.3466577	0.4613702	0.4241404	0.3881183	0.3753657	0.4464229	0.2889982	0.2944572	0.383276
G81	0.4722234	0.6820459	0.657016	0.5175967	0.6160773	0.5554787	0.522967	0.6630301	0.4994827	0.5713423	0.5484014	0.4293397	0.3483883	0.3329912	0.3895908	0.4401427	0.424647	0.3869903	0.3971032	0.3425623	0.4677738
G82	0.2465494	0.2442847	0.2963704	0.246739	0.2882263	0.2997787	0.3108718	0.33606	0.3045977	0.3064618	0.2662652	0.3104373	0.3233617	0.2952321	0.3065023	0.2766081	0.3164787	0.2455004	0.2235492	0.2585969	0.2666077
G83	0.4953446	0.6296968	0.6722615	0.6545055	0.6726577	0.6254295	0.7435997	0.6111163	0.7264346	0.6930856	0.6437951	0.662289	0.5976763	0.6116254	0.6038508	0.5891337	0.6979551	0.6863339	0.6689717	0.6270191	0.6495983
G84	0.039051	0.0405734	0.061653	0.1296965	0.1485197	0.1864158	0.2584763	0.1498321	0.2146257	0.2257007	0.2551903	0.1958907	0.12003	0.0968446	0.0562794	0.0448032	0.0472957	0.0374137	0.044383	0.0351763	0.0377349
G85	0.5009324	0.4462253	0.4759043	0.4882247	0.4143899	0.3030043	0.2818831	0.2390922	0.2212948	0.3218196	0.182944	0.3235928	0.3525868	0.2582388	0.3268563	0.3671638	0.3223602	0.4099745	0.3927969	0.5677574	0.6631429
G86	0.6191948	0.5135053	0.5704105	0.6419266	0.5115008	0.3151171	0.3170587	0.2535946	0.2039585	0.1373689	0.1576006	0.1992831	0.121722	0.2168576	0.3110352	0.3345528	0.3505789	0.3867445	0.4094746	0.6529807	0.6252151
G87	0.0352451	0.0093726	0.0180931	0.019964	0.0080865	0.0013607	0	0.0010503	0.0000148	0.0001463	0.0000017	0.0001755	0.0021929	0.0046595	0.0031611	0.0008741	0.0029295	0.0000712	0.000345	0.016723	0.052213
G88	0.6446526	0.7689139	0.7523736	0.6684021	0.6416679	0.6462481	0.5840822	0.4700303	0.4207728	0.4603497	0.4237779	0.4783664	0.3562317	0.6057623	0.5501449	0.5288669	0.618259	0.6035188	0.6614359	0.7098133	0.5736208
G89	0.0430585	0.2836156	0.4000374	0.4230366	0.4751706	0.4873574	0.5055813	0.4634295	0.4898195	0.4404109	0.4188102	0.1726367	0.0845034	0.0579988	0.044288	0.0914001	0.0664311	0.0505472	0.0542477	0.0394913	0.1191898
G90	0.6364763	0.605398	0.5502736	0.6616795	0.6492261	0.5757926	0.6176871	0.6785417	0.6418967	0.5704691	0.6366754	0.6951851	0.6820173	0.6341073	0.5925728	0.5639402	0.59523	0.7669262	0.6780992	0.6576702	0.5566531
G91	0.7951375	0.5879163	0.7032646	0.6054566	0.5890581	0.6377698	0.5459245	0.5923676	0.5867043	0.5652621	0.5951595	0.6454403	0.6348704	0.5517094	0.6174026	0.5978059	0.6467698	0.602612	0.6038692	0.6520017	0.6606235
G92	0.6259584	0.5772689	0.6664105	0.7805734	0.6303272	0.6704547	0.6871072	0.7059645	0.7592498	0.5971922	0.6051447	0.6386033	0.6495245	0.5274539	0.6051851	0.6197649	0.7351328	0.7146942	0.6433752	0.5835653	0.5887429
G93	0.0749602	0.0898979	0.0455575	0.0265559	0.0500643	0.0355082	0.0712255	0.0428484	0.0720984	0.050917	0.0531307	0.0430512	0.054138	0.0846398	0.0606982	0.0503018	0.0693336	0.0405365	0.0302623	0.0513082	0.0548082
G94	0.4913496	0.4718693	0.5413307	0.4201797	0.4436487	0.5522493	0.4939874	0.490647	0.5372208	0.5122968	0.5237462	0.6036962	0.5641666	0.4338778	0.4400024	0.5575387	0.5134667	0.494419	0.4246021	0.4807074	0.4467511
G95	0.1327804	0.0668282	0.058771	0.080159	0.132949	0.1062727	0.0783531	0.0499629	0.0811825	0.1095802	0.0945021	0.0925413	0.065474	0.0885298	0.0545922	0.063224	0.0742784	0.0933006	0.1029444	0.0898811	0.0799193
G96	0.4934679	0.5482583	0.5195462	0.4451787	0.3362941	0.4860145	0.6012803	0.6200935	0.4998416	0.5030483	0.4790142	0.5422796	0.503089	0.3712111	0.4549135	0.5347704	0.4631417	0.477995	0.4596631	0.5554738	0.5170304
G97	0.5345779	0.4220741	0.561334	0.64344	0.5695485	0.4696163	0.3996678	0.3940794	0.5458796	0.5249364	0.4789398	0.4604536	0.5957698	0.517019	0.5662442	0.5813011	0.4753275	0.5308246	0.5587041	0.5852572	0.5179169
G98	0.6877614	0.3406127	0.2500666	0.1815087	0.1660868	0.1599994	0.2019052	0.1497963	0.157878	0.2527654	0.1725632	0.399216	0.5195781	0.7160883	0.6481304	0.6712802	0.5699944	0.6198469	0.7848882	0.7322874	0.6816218
G99	0.013896	0.0201129	0.02759	0.0266034	0.0308181	0.0149305	0.0177858	0.0247581	0.0245902	0.0279405	0.0179266	0.0103075	0.0213599	0.0213238	0.0506977	0.039599	0.015988	0.0268867	0.0536195	0.0271534	0.0370956
G100	0.4942276	0.4769444	0.5906594	0.5906218	0.5637385	0.5208524	0.49103	0.5678575	0.6895034	0.4006846	0.5534114	0.525199	0.5825548	0.642775	0.6136617	0.5369983	0.5840481	0.5322259	0.5109933	0.5623788	0.5227265
