ID	0	50	100	150	200	250	300	350	400	450	500	550	600	650	700	750	800	850	900	950	1000
G1	0.3344225	0.2890489	0.2531918	0.2246631	0.2163876	0.1946384	0.2523715	0.1696617	0.2630311	0.2340444	0.3050523	0.3088946	0.3198174	0.3159618	0.2637082	0.3168236	0.2876442	0.3286272	0.2930786	0.2801999	0.2675878
G2	0.2689411	0.2725717	0.2320752	0.3291884	0.2855076	0.2939324	0.3079508	0.3630545	0.3806504	0.3162476	0.273001	0.3219347	0.3090002	0.2584419	0.3441996	0.2219795	0.2156354	0.2759674	0.1908363	0.2221748	0.2184834
G3	0.5293231	0.5967073	0.5382308	0.4567004	0.4970357	0.5766816	0.4959685	0.5467585	0.5374703	0.5982807	0.5447434	0.4879228	0.5437437	0.63264	0.6459346	0.6454195	0.6072835	0.5929481	0.5868971	0.5913638	0.572199
G4	0.3395267	0.3542074	0.401448	0.4892921	0.3789894	0.4074921	0.4551527	0.4030636	0.4704302	0.4246481	0.5190646	0.5166985	0.4803493	0.3762744	0.4370462	0.4412402	0.4269534	0.3598516	0.4321613	0.4130272	0.4323478
G5	0.0903068	0.1206311	0.0808265	0.1259694	0.0965847	0.0600309	0.0799647	0.0749995	0.1072187	0.0859791	0.096728	0.0841295	0.0752107	0.1231502	0.0994174	0.1360511	0.0629002	0.0966444	0.0700883	0.0764384	0.0669691
G6	0.4982406	0.5779883	0.6218618	0.6011347	0.6393693	0.5216774	0.6771352	0.5876426	0.4629728	0.5419749	0.5592516	0.546176	0.4367322	0.6487316	0.6459339	0.6032234	0.5845747	0.5045342	0.6628744	0.6777503	0.6033799
G7	0.5502851	0.6235054	0.5005344	0.6773199	0.595283	0.6845607	0.5296774	0.5067993	0.5945725	0.5644557	0.5647859	0.5386645	0.4418594	0.4788622	0.5076598	0.4355952	0.3804589	0.5049919	0.5191247	0.3503108	0.4674001
G8	0.4885814	0.1800667	0.2030135	0.2034365	0.156568	0.1100231	0.1339634	0.1034819	0.1678675	0.1886604	0.1160703	0.3709618	0.2645485	0.4241027	0.2810412	0.2964714	0.3270991	0.3788196	0.4274347	0.3586276	0.4262485
G9	0.7056393	0.2103943	0.1488088	0.130749	0.1456033	0.1602875	0.1873006	0.1771057	0.1894943	0.1884066	0.1343844	0.5382209	0.5598098	0.598516	0.6941643	0.6150422	0.7594005	0.6684886	0.5430564	0.7334847	0.6417835
G10	0.1855233	0.1692447	0.2294427	0.2214621	0.2882996	0.2840734	0.4427385	0.2540856	0.3946052	0.4045366	0.3374064	0.4622904	0.3366421	0.2471243	0.2514145	0.1662097	0.16178	0.2134785	0.2630879	0.2128063	0.1986408
G11	0.2783006	0.3523915	0.3918693	0.5303635	0.5644821	0.4483696	0.586431	0.5426579	0.4795521	0.6167745	0.5463902	0.5797996	0.4986723	0.404481	0.37321	0.3780256	0.3533537	0.342346	0.3377648	0.3500127	0.3008235
G12	0.1336493	0.1629098	0.3125507	0.2078705	0.3430942	0.386989	0.3962255	0.4505775	0.4620879	0.3972905	0.4593763	0.3522133	0.3302605	0.1998612	0.2370577	0.2621001	0.2042982	0.2103062	0.1093052	0.1350868	0.1074675
G13	0.2518352	0.1439582	0.1703896	0.2010437	0.1971719	0.2987109	0.314758	0.2962751	0.3606644	0.3599792	0.3222565	0.3842886	0.2942444	0.3708449	0.2466096	0.2145366	0.211458	0.2507151	0.2509222	0.2043145	0.19257
G14	0.3548432	0.2736288	0.295387	0.2581949	0.29487	0.430068	0.4416478	0.3583731	0.3076599	0.3278186	0.3274809	0.3025771	0.22703	0.3127175	0.3085774	0.2880042	0.3669374	0.2729378	0.2453353	0.2718689	0.3626572
G15	0.1706357	0.274821	0.2583653	0.3278769	0.3484152	0.2778621	0.3646346	0.3583293	0.3588774	0.4544528	0.4502856	0.2356722	0.1453818	0.1745005	0.1816699	0.1718205	0.1807952	0.1765217	0.1337601	0.1466742	0.2178996
G16	0.2611545	0.1305931	0.128394	0.0941349	0.1276228	0.133645	0.1023841	0.1003792	0.1536228	0.1230055	0.1126494	0.264393	0.2432381	0.3265996	0.4405661	0.226866	0.24513	0.2808869	0.2665817	0.2719093	0.2150937
G17	0.4670077	0.4325173	0.4939181	0.7779965	0.6264555	0.4954427	0.5427982	0.5696846	0.5346383	0.5901228	0.7474412	0.6103193	0.6031796	0.6196648	0.4607154	0.5732257	0.5117377	0.4793802	0.4624022	0.5953044	0.5964914
G18	0.3046915	0.2699035	0.3240014	0.2268084	0.2151942	0.2077749	0.3307424	0.3128896	0.2713533	0.2451502	0.2657057	0.2528313	0.2476432	0.215801	0.242523	0.2808231	0.2414691	0.2680225	0.2441654	0.2478071	0.2312428
G19	0.421425	0.3812035	0.3525835	0.4645044	0.4685138	0.3859532	0.3334812	0.2651379	0.1873026	0.2366071	0.2532776	0.2249355	0.2438581	0.232696	0.2656521	0.2485961	0.2929434	0.3841017	0.4237405	0.5398751	0.4500987
G20	0.3522755	0.4881573	0.4445846	0.5385269	0.5884432	0.5636034	0.5778207	0.6625306	0.6005221	0.6711026	0.5649201	0.5028904	0.3689511	0.3579076	0.294394	0.3102217	0.4073389	0.3786025	0.4067813	0.4329606	0.5546458
G21	0.1127186	0.1524391	0.1917103	0.2528743	0.2472985	0.2611471	0.4216952	0.3309541	0.3526259	0.3755627	0.3631545	0.3510216	0.2399317	0.238771	0.2432444	0.1994855	0.180483	0.2081559	0.2254557	0.1499067	0.1103612
G22	0.2424003	0.1782606	0.1579662	0.1562687	0.212006	0.3425767	0.3567614	0.433076	0.3414331	0.3732256	0.3686702	0.3685187	0.5268221	0.3843438	0.5065188	0.4009284	0.2527078	0.335679	0.2059867	0.1609585	0.1551592
G23	0.5125649	0.1366835	0.0723483	0.0635411	0.0763997	0.051505	0.0416722	0.0387717	0.0332601	0.0512107	0.0208851	0.348517	0.4091149	0.4010616	0.4508381	0.3144988	0.38679	0.4281686	0.3725918	0.4967291	0.4588261
G24	0.3464889	0.3925864	0.5793408	0.603432	0.5947426	0.5074327	0.5135073	0.4750579	0.3534541	0.4902588	0.3237818	0.3726989	0.2677178	0.2687938	0.2135182	0.2139028	0.2421248	0.2827396	0.3804982	0.3938723	0.3288445
G25	0.5236272	0.5231559	0.5489424	0.6418557	0.6128757	0.6684084	0.6287338	0.6221431	0.5938824	0.7431619	0.6980944	0.7141418	0.656962	0.5853531	0.5253322	0.5531932	0.5058754	0.534706	0.4838085	0.4522474	0.4910529
G26	0.5104704	0.557252	0.5418339	0.66445	0.6004638	0.7366844	0.6071222	0.6408005	0.4735997	0.6897827	0.7727392	0.6363553	0.5273384	0.5779577	0.559262	0.6535491	0.672013	0.569704	0.5304951	0.6954636	0.6827538
G27	0.274618	0.4475923	0.5096267	0.6350373	0.5386333	0.5901279	0.6903703	0.6570871	0.5689814	0.5559009	0.5923713	0.3414762	0.3680973	0.2126676	0.3135062	0.3331631	0.3844487	0.3795978	0.4145086	0.2811051	0.3303354
G28	0.453291	0.3527275	0.4646963	0.4286933	0.4453406	0.4211968	0.4442719	0.4781259	0.4404015	0.3802149	0.4092994	0.56162	0.4470926	0.5135405	0.6414837	0.4060529	0.4185156	0.5537909	0.4384983	0.4992021	0.4722895
G29	0.0542672	0.1745688	0.2363279	0.3372175	0.3486871	0.4406926	0.3854216	0.4182535	0.348115	0.4173853	0.3454188	0.3740969	0.2425749	0.118254	0.1028541	0.0683318	0.0822654	0.1143454	0.1272815	0.1281682	0.1021251
G30	0.0025842	0.0017415	0.0035756	0.0056276	0.0010635	0.006074	0.0013968	0.0028853	0.0169067	0.0078436	0.0017794	0.0058315	0.0205702	0.0056349	0.000925	0.0004835	0.0065904	0.0035286	0.0088038	0.0001114	0.0061823
G31	0.1521154	0.2328356	0.3239796	0.3903994	0.3837123	0.3229438	0.388261	0.429979	0.5066573	0.4159727	0.3622141	0.4594712	0.4209786	0.32752	0.2473874	0.2413155	0.2612338	0.3024393	0.2753972	0.2013869	0.249246
G32	0.3182851	0.3986045	0.4637966	0.33071	0.435148	0.4754527	0.4444678	0.3860174	0.4532065	0.3803614	0.3210059	0.4062464	0.439315	0.3820333	0.3798415	0.3479316	0.310753	0.3084424	0.2889513	0.3101046	0.4513746
G33	0.7154437	0.6801123	0.6541834	0.5835641	0.5546031	0.6357144	0.693823	0.7091965	0.5912499	0.5525422	0.5742763	0.616712	0.6391325	0.6213082	0.6962438	0.7902693	0.6353987	0.5658914	0.6925168	0.6304227	0.5919924
G34	0.273345	0.4366931	0.660081	0.4746417	0.5602952	0.6208618	0.4807511	0.6211268	0.5433852	0.5749656	0.5695067	0.4571168	0.3937258	0.2363425	0.3199307	0.2591125	0.2549317	0.2681942	0.3319318	0.2389716	0.1751209
G35	0.2258692	0.2837221	0.306765	0.4143316	0.4084998	0.4092143	0.5221245	0.4545513	0.4971	0.4356428	0.4841764	0.4580866	0.3360793	0.3169143	0.2017397	0.1627012	0.1452311	0.1751945	0.2568698	0.2267366	0.2155948
G36	0.2796529	0.1630738	0.1275464	0.0884408	0.18762	0.1996902	0.3472192	0.3220653	0.3738697	0.3043952	0.3385358	0.341083	0.3324005	0.3648062	0.4790533	0.3538262	0.4079711	0.2705919	0.240742	0.2167004	0.135598
G37	0.6238413	0.5232396	0.4338784	0.6422401	0.5839627	0.5529057	0.6197929	0.5379148	0.5056252	0.7319407	0.6295632	0.5722966	0.5468714	0.580664	0.5570066	0.6456353	0.5634104	0.633128	0.5676932	0.6017209	0.5311714
G38	0.0322282	0.0188631	0.0075965	0.0187354	0.0100748	0.0345101	0.0151912	0.0224778	0.007946	0.019759	0.0179067	0.0179361	0.0175959	0.0413531	0.0239796	0.0672026	0.0163788	0.0244061	0.0132632	0.0241705	0.0166982
G39	0.6389596	0.7142146	0.7104751	0.6635411	0.6061666	0.5337133	0.6347218	0.589626	0.6243963	0.5709351	0.8162179	0.6737805	0.6958583	0.683665	0.5715609	0.7074271	0.6449155	0.6038312	0.5596076	0.6979162	0.5561224
G40	0.2568274	0.3192767	0.2829873	0.2599788	0.2615058	0.2607527	0.3072626	0.2194465	0.2690983	0.2663055	0.2624715	0.2959909	0.2532641	0.1517242	0.2181161	0.1995537	0.2617582	0.2929671	0.2805097	0.2660943	0.2203275
G41	0.6073516	0.1787969	0.1301493	0.1549624	0.1336088	0.1496623	0.1390115	0.1362114	0.1363543	0.1383577	0.1646977	0.5137501	0.6244585	0.6881408	0.655582	0.7627093	0.7914221	0.6276055	0.5080713	0.5359883	0.6748892
G42	0.0268325	0.0958362	0.1595419	0.20872	0.1575351	0.166343	0.1641389	0.179362	0.1019563	0.1910579	0.127411	0.0895063	0.1000793	0.0544681	0.0730099	0.0520112	0.0466298	0.0385216	0.0365291	0.0364721	0.0406206
G43	0.4078366	0.6088011	0.5346872	0.6049398	0.4848272	0.5414284	0.5704487	0.616932	0.6645772	0.4958492	0.5867232	0.5962865	0.6042131	0.5563667	0.6455714	0.5261895	0.5119956	0.4686907	0.5918252	0.6302217	0.6004511
G44	0.0469564	0.0257618	0.052791	0.0570049	0.0567974	0.0430093	0.035048	0.0458261	0.0762988	0.0370584	0.0249434	0.0382336	0.0504866	0.0903117	0.0606078	0.0371464	0.0456508	0.0540376	0.071646	0.0409825	0.0505212
G45	0.0733397	0.0801225	0.0782301	0.1348725	0.1339177	0.2987159	0.2721733	0.3156619	0.2583793	0.2731848	0.2774594	0.2529078	0.2531123	0.2065806	0.1530125	0.0798312	0.0466714	0.0756963	0.0887874	0.0780047	0.0869057
G46	0.6852259	0.6999681	0.5842983	0.7117408	0.5324761	0.5757798	0.6832356	0.6341796	0.4877522	0.5253776	0.6312551	0.5795545	0.5475009	0.6124254	0.748235	0.6267464	0.6032462	0.7365049	0.5512855	0.6897471	0.6490573
G47	0.4216927	0.3778121	0.4103359	0.3456058	0.1893959	0.0975298	0.0887287	0.0486162	0.0099695	0.0238359	0.0065477	0.0183271	0.0349736	0.0314266	0.060639	0.2401579	0.2790193	0.299294	0.3070237	0.3403111	0.3329779
G48	0.2442053	0.0721986	0.0162579	0.0166721	0.0124148	0.0083759	0.0222203	0.001635	0.0046786	0.0048427	0.0090819	0.1157178	0.1812788	0.1775173	0.1563428	0.1679617	0.2375798	0.2356707	0.2845633	0.2897578	0.1755755
G49	0.5849027	0.5985156	0.5175584	0.5226202	0.512014	0.4160898	0.419602	0.3906972	0.3878852	0.4715206	0.3664384	0.3280885	0.3691005	0.2895352	0.3720449	0.3985542	0.4987917	0.4365341	0.5335196	0.5158755	0.5983702
G50	0.5124259	0.3573866	0.3504788	0.2971594	0.2634596	0.1954389	0.1540105	0.1245664	0.1169627	0.0953145	0.1235829	0.3031919	0.402524	0.3278243	0.3393339	0.3920444	0.4346425	0.5954843	0.4998536	0.4855134	0.553041
G51	0.2359569	0.2463164	0.3687243	0.2537043	0.2906918	0.3755494	0.3492877	0.3776442	0.4551112	0.2394738	0.2665057	0.3651514	0.2973829	0.1689203	0.131986	0.0943733	0.128683	0.1926491	0.1496241	0.1800221	0.1539236
G52	0.7529504	0.6845103	0.5902205	0.5756927	0.6473185	0.5866649	0.5198098	0.5226604	0.5380504	0.6920029	0.6366445	0.6512265	0.4941604	0.6792628	0.5669292	0.6213575	0.6819536	0.595911	0.6839613	0.8555418	0.5038442
G53	0.4325466	0.3911654	0.3083551	0.3815737	0.3441109	0.4644834	0.3667242	0.3570919	0.3701735	0.4218128	0.437648	0.3829602	0.3572096	0.3241373	0.3995827	0.3876736	0.3931788	0.4582699	0.5117955	0.4223031	0.4247991
G54	0.4683067	0.437761	0.4326744	0.3457946	0.2797018	0.3605989	0.3749824	0.3199726	0.2822525	0.3078653	0.3713469	0.3620007	0.3272346	0.3327694	0.3046594	0.3432594	0.3967658	0.4073118	0.4216035	0.3400286	0.3493445
G55	0.6052234	0.6075012	0.635349	0.5153398	0.3585097	0.2812849	0.1800727	0.1498844	0.2306182	0.2251339	0.3203193	0.2700115	0.2955696	0.5340893	0.579666	0.6252199	0.7055357	0.6258507	0.7311607	0.5950363	0.6569994
G56	0.5328614	0.503243	0.5252363	0.5711951	0.6907124	0.7281835	0.6511937	0.6503354	0.5707168	0.6541191	0.6857704	0.594139	0.6154102	0.5949304	0.6492978	0.6234694	0.6742569	0.5737658	0.5600503	0.6182796	0.7368948
G57	0.0938417	0.0508874	0.1172971	0.3009761	0.2979668	0.2719906	0.4245002	0.3443972	0.2841072	0.3333358	0.372824	0.5332914	0.3878004	0.3069112	0.2778695	0.1595688	0.0901591	0.0925734	0.116941	0.1336667	0.153259
G58	0.0330075	0.0232405	0.0113273	0.0416415	0.0559962	0.1024172	0.1408208	0.1806653	0.143053	0.1725594	0.1172856	0.1558408	0.1136222	0.0740837	0.0458864	0.0324802	0.0293222	0.0463723	0.0580717	0.0209284	0.0423147
G59	0.0600361	0.0056167	0.0038582	0.0000242	0.0002052	0	0.0007908	0.0006055	0.0001313	0.0000637	0.0005399	0.0422998	0.1067917	0.065159	0.04011	0.0444886	0.0381575	0.0647563	0.0539662	0.0436286	0.0330461
G60	0.6006775	0.6521986	0.5947792	0.6628747	0.5200871	0.5126317	0.5608032	0.6062508	0.5336668	0.576481	0.5572274	0.6449309	0.5559441	0.6691953	0.6528952	0.6039258	0.7862576	0.6479743	0.6166638	0.6511833	0.6566699
G61	0.0192209	0.0239634	0.0445587	0.1146429	0.1164627	0.1812261	0.185302	0.2400554	0.1500338	0.1831055	0.1246015	0.1950402	0.1972631	0.1130197	0.094428	0.0755857	0.0393462	0.03274	0.0335601	0.0625211	0.026118
G62	0.0873473	0.0938246	0.1348972	0.1560951	0.0831115	0.083851	0.1457091	0.1142201	0.0761765	0.1336197	0.0589968	0.1142577	0.0648149	0.0899533	0.1566486	0.0856726	0.1245575	0.0893255	0.0728191	0.0941885	0.1485843
G63	0.2230336	0.2542798	0.2493581	0.2022172	0.2298854	0.269011	0.2367909	0.2543995	0.2191233	0.2516481	0.2067999	0.2246481	0.2615725	0.2187055	0.2479124	0.2753019	0.2530688	0.2527623	0.2584355	0.1966041	0.1669366
G64	0.4769777	0.4407756	0.4897103	0.5139674	0.5202836	0.5970141	0.5144125	0.6381668	0.6237378	0.4901215	0.5849729	0.4263012	0.4440424	0.3877657	0.4183525	0.4150216	0.4127905	0.4269717	0.3980132	0.3227872	0.3999268
G65	0.2315754	0.3128322	0.2802442	0.3019394	0.3121622	0.3882592	0.2773321	0.360963	0.4164036	0.3341951	0.3626053	0.2156205	0.2045993	0.1571618	0.1519522	0.3396028	0.2290595	0.2576747	0.2193234	0.2128561	0.2040849
G66	0.4498739	0.5527661	0.4542848	0.540088	0.4767718	0.52029	0.4758868	0.4539531	0.464709	0.4026469	0.4948159	0.4150337	0.6408072	0.4711548	0.5769988	0.4637526	0.5312799	0.5269002	0.5380827	0.4644129	0.4809365
G67	0.040582	0.0391996	0.0659699	0.0726655	0.0589037	0.0533488	0.0708972	0.049957	0.0376269	0.0674245	0.0516141	0.0414271	0.0504387	0.037079	0.0275346	0.0528252	0.0196953	0.0377896	0.0401052	0.0500282	0.0635409
G68	0.0488	0.019944	0.0028215	0.0000904	0	0.0007881	0.000288	0.0006311	0.000794	0.0018349	0.0013974	0.0244544	0.0495082	0.0461691	0.0474682	0.0778537	0.0431779	0.0295712	0.1225745	0.0736468	0.0601742
G69	0.2633353	0.2780831	0.339895	0.3433696	0.1953762	0.2468818	0.2316154	0.2045309	0.2825854	0.294264	0.1888057	0.2384153	0.2192901	0.2097602	0.2178656	0.1569519	0.2800462	0.2781338	0.2301448	0.2208469	0.2545243
G70	0.0332656	0.0369892	0.086268	0.0287135	0.0371091	0.0696843	0.0355271	0.0554916	0.1057589	0.0730919	0.0449519	0.0603572	0.055014	0.0299536	0.0280035	0.0419993	0.0332794	0.0537686	0.0221955	0.0374521	0.0673479
G71	0.7817389	0.6121237	0.7468399	0.6474043	0.6059634	0.7220122	0.7085472	0.7917973	0.6421427	0.5634374	0.6766116	0.6105481	0.6226454	0.6055584	0.5933006	0.6857894	0.5568392	0.5833504	0.5892127	0.6698402	0.6725576
G72	0.2842968	0.327607	0.2716571	0.3225792	0.3070081	0.3165367	0.2263031	0.3692692	0.3711438	0.3167014	0.3333489	0.2931227	0.2953995	0.2533904	0.3082014	0.3400006	0.2947126	0.3718166	0.2797613	0.2495693	0.2077971
G73	0.2220336	0.152704	0.1911554	0.1676603	0.265842	0.2128241	0.188013	0.1915183	0.1684088	0.2122827	0.2845433	0.1511679	0.2119669	0.1997676	0.1701175	0.2001108	0.2050098	0.3601145	0.2439758	0.1695892	0.1560327
G74	0.0611379	0.0622198	0.0459081	0.0577664	0.0337642	0.0631066	0.0296002	0.0437392	0.0403409	0.0386057	0.0397293	0.0199232	0.0192915	0.0647494	0.0245324	0.0316995	0.0320432	0.0319113	0.0849237	0.0543731	0.0391893
G75	0.3866825	0.4632318	0.3838602	0.4111453	0.3824223	0.3250657	0.4021608	0.514936	0.3980439	0.4582804	0.4115307	0.3640493	0.4127465	0.4263405	0.508675	0.4669028	0.4677586	0.4698483	0.472693	0.3709855	0.3921806
G76	0.0290257	0.332821	0.6449331	0.5138332	0.4839256	0.4888216	0.5193553	0.5012216	0.4777963	0.5204605	0.5320141	0.0943582	0.0820246	0.0487632	0.0482595	0.0548157	0.0417886	0.082757	0.0449013	0.0594029	0.0637013
G77	0.6156579	0.5980344	0.5058535	0.4752515	0.5578272	0.421523	0.5389056	0.513153	0.4692924	0.5051156	0.4853931	0.4538003	0.519929	0.5655474	0.5888205	0.5267144	0.6861185	0.6985436	0.7028896	0.6608627	0.5413382
G78	0.4432492	0.4966103	0.597041	0.5424741	0.4979814	0.4474987	0.5080438	0.5044028	0.4633092	0.5309202	0.4949787	0.5482102	0.5781212	0.4321679	0.5211359	0.4668401	0.4674489	0.4791761	0.4493755	0.4175048	0.5007879
G79	0.2667666	0.3306832	0.3083494	0.2832115	0.2792962	0.2724378	0.310291	0.30411	0.2997078	0.2682322	0.2944967	0.3016356	0.2657508	0.2499584	0.3520402	0.2711877	0.333708	0.3231584	0.2687343	0.3487667	0.2424507
G80	0.3758726	0.4324874	0.415786	0.4587311	0.4790055	0.6066557	0.605684	0.6424711	0.6822347	0.7156968	0.6415423	0.6292447	0.3860972	0.4935048	0.4168969	0.4508351	0.3479505	0.4143867	0.3689915	0.334945	0.3919862
G81	0.5224289	0.4024941	0.3627115	0.3709268	0.3735466	0.3717715	0.4525818	0.5193984	0.3849107	0.3921089	0.4265364	0.5434071	0.4213899	0.4611378	0.3784505	0.3837412	0.366195	0.404643	0.3620027	0.3707939	0.3800905
G82	0.3293171	0.3178722	0.3259246	0.3437194	0.2365147	0.28307	0.2649252	0.2348233	0.2823192	0.3024801	0.2906404	0.296828	0.3208534	0.247293	0.3596562	0.2344736	0.2428931	0.1773965	0.2192508	0.2561083	0.2411431
G83	0.7015397	0.6415727	0.5856697	0.6363603	0.6489803	0.7394686	0.6413189	0.7255646	0.5879021	0.6436761	0.6835129	0.6532297	0.7425346	0.6312471	0.5373561	0.6563911	0.6765631	0.6081649	0.6852213	0.6747182	0.7062577
G84	0.0252577	0.0675777	0.0365191	0.0623363	0.0416358	0.0406487	0.0667229	0.040675	0.0459835	0.032471	0.0424996	0.0467755	0.0372468	0.0683504	0.0379518	0.0420977	0.0433883	0.0673804	0.037711	0.065639	0.0241177
G85	0.4161944	0.2865431	0.3036099	0.4002959	0.2523743	0.2406433	0.2284347	0.1881692	0.1620257	0.1852253	0.1899866	0.2888	0.3131021	0.3623601	0.2580938	0.3183744	0.3107264	0.3683589	0.3640019	0.4905897	0.5082491
G86	0.5217401	0.6350344	0.674237	0.6702134	0.6848988	0.4925222	0.4777192	0.4174858	0.3062607	0.3633921	0.3290004	0.3289239	0.3919648	0.3116049	0.328295	0.259468	0.3012315	0.4385434	0.5340279	0.5824174	0.5536358
G87	0.0093663	0.0147728	0.0488164	0.0444961	0.0061399	0.0057841	0.0053183	0.0000511	0.0064297	0.0001119	0.000136	0.0007833	0.0012707	0.0018603	0.0032462	0.0000979	0.0001214	0.0034038	0.002058	0.0208073	0.0167397
G88	0.5654841	0.6774201	0.6590547	0.5955048	0.6895647	0.7292882	0.6318593	0.6138811	0.6039781	0.4940631	0.4617815	0.4873727	0.5721318	0.5281165	0.5731928	0.4622096	0.4777387	0.7567438	0.5203525	0.6509909	0.6191478
G89	0.0706986	0.0787237	0.0653822	0.0522863	0.0719985	0.0341941	0.052397	0.0338702	0.0305139	0.0511052	0.0616511	0.0335965	0.0367045	0.0625445	0.0383132	0.0413376	0.0535089	0.0488893	0.0887991	0.0463682	0.056615
G90	0.6016355	0.5441478	0.6083768	0.6720747	0.634297	0.5952812	0.5212958	0.6818209	0.7180175	0.6585271	0.5870421	0.6033784	0.7736615	0.5693694	0.6354289	0.6162636	0.7324429	0.5953455	0.6592628	0.6877596	0.5985812
G91	0.6938521	0.5936394	0.6393648	0.654675	0.7526054	0.6383041	0.623042	0.6432716	0.6607696	0.6676794	0.6736065	0.6162778	0.6682833	0.6776269	0.7129203	0.6832324	0.5941712	0.61252	0.6165114	0.6744128	0.6338096
G92	0.5437082	0.5464744	0.736821	0.7293943	0.7322771	0.6579871	0.62084	0.6586103	0.7048424	0.6587352	0.6544337	0.7227025	0.5489504	0.5554043	0.6146334	0.5929525	0.6796056	0.6098074	0.5903651	0.4976565	0.5590909
G93	0.0458247	0.0535582	0.1019219	0.0519165	0.0399932	0.0525027	0.063098	0.0331543	0.0402231	0.0486049	0.0223302	0.0512853	0.0644053	0.0619972	0.049078	0.0498659	0.042777	0.0449465	0.0373572	0.022707	0.0441248
G94	0.5550154	0.4122023	0.5156655	0.5369476	0.5788416	0.6179481	0.4479286	0.5858315	0.5757834	0.5612084	0.6308913	0.505409	0.5438762	0.5396381	0.4034823	0.5075087	0.4568075	0.4773512	0.5578654	0.4704244	0.3865095
G95	0.0708117	0.043034	0.0207613	0.0109806	0.0021193	0.002485	0.0008434	0.0000237	0.0042532	0.0017504	0.0004241	0.0469508	0.0618009	0.0473499	0.0668303	0.0753778	0.1025677	0.0961348	0.0688554	0.1129611	0.0737249
G96	0.464952	0.5596143	0.5122713	0.5196686	0.5271542	0.4866067	0.4744863	0.557672	0.51198	0.4899071	0.5468323	0.6500245	0.5878215	0.5349949	0.4302295	0.4198387	0.4671863	0.582035	0.4137392	0.4611742	0.529077
G97	0.6061117	0.4985098	0.4545681	0.5060565	0.4042343	0.4794003	0.5251438	0.4378345	0.4745208	0.4696283	0.5562583	0.485076	0.4736038	0.4079925	0.516991	0.6213408	0.6491529	0.4139843	0.5483313	0.6292881	0.5150654
G98	0.6512385	0.6586031	0.723513	0.6258386	0.7589052	0.6046485	0.6915486	0.7195028	0.584254	0.5845012	0.6681466	0.6223031	0.5214074	0.6918897	0.6913938	0.615564	0.5707375	0.73285	0.6160203	0.591387	0.6841994
G99	0.0401273	0.0223986	0.0215497	0.0272753	0.0152548	0.0156444	0.0165218	0.0515918	0.0229606	0.026167	0.0066198	0.0124212	0.0256629	0.058969	0.0604234	0.026489	0.0288188	0.012907	0.037873	0.0441842	0.0287567
G100	0.5354391	0.6139872	0.5033502	0.5554759	0.5790088	0.4747011	0.4579662	0.5271739	0.6208936	0.5982737	0.6067601	0.6592202	0.5857225	0.4397523	0.5232937	0.626885	0.5758667	0.5027131	0.5811312	0.596403	0.5129638
