ID	0	50	100	150	200	250	300	350	400	450	500	550	600	650	700	750	800	850	900	950	1000
G1	0.2750099	0.4987821	0.5677152	0.4753569	0.5736494	0.5857577	0.539546	0.5326031	0.5301625	0.5582893	0.540953	0.4127887	0.2935747	0.3370345	0.3415363	0.2779216	0.3014475	0.277251	0.3468091	0.3643531	0.3400487
G2	0.2063112	0.1977138	0.2045789	0.1668377	0.1779771	0.178733	0.2271774	0.125376	0.1755885	0.278662	0.2154463	0.2214141	0.1404798	0.1556937	0.1478774	0.1478424	0.1664571	0.1923312	0.1958231	0.2847819	0.2576771
G3	0.5177161	0.5647561	0.6423833	0.5037243	0.6180323	0.6498214	0.5565296	0.7900104	0.7292889	0.5746477	0.6459585	0.6341025	0.5573738	0.6190034	0.6245554	0.6538785	0.5921974	0.5842761	0.625397	0.6463687	0.627071
G4	0.3925478	0.4064277	0.324326	0.3294801	0.289226	0.2725913	0.2532399	0.3536377	0.2429145	0.30458	0.2979761	0.3169828	0.3879087	0.3749108	0.410904	0.3608909	0.3907996	0.3673625	0.4485124	0.4438621	0.4141082
G5	0.0733004	0.2567911	0.3624318	0.4150914	0.4141922	0.3704215	0.4924588	0.5107462	0.4808642	0.4708438	0.5430017	0.2970326	0.1591399	0.1202879	0.1432867	0.087817	0.0951384	0.1025528	0.1282239	0.0585182	0.1229038
G6	0.7105117	0.5442512	0.5199533	0.6346482	0.760086	0.5262233	0.6484533	0.5754156	0.6889547	0.6552312	0.6445098	0.5282381	0.6881014	0.6146607	0.7763082	0.5604075	0.6332327	0.720305	0.5276343	0.6594534	0.593353
G7	0.6210271	0.6137166	0.4756675	0.4649711	0.4244556	0.5795816	0.4707292	0.4055039	0.419772	0.4268603	0.4176974	0.4332437	0.4048502	0.4802253	0.4882135	0.5073048	0.5474318	0.444588	0.5157779	0.4878959	0.5677513
G8	0.67479	0.4660547	0.3993529	0.4688372	0.3449687	0.4135944	0.4613356	0.3799403	0.3249891	0.2626578	0.322258	0.3275769	0.310643	0.3185969	0.3723158	0.3984672	0.4513588	0.5136932	0.6234049	0.4852283	0.5125453
G9	0.7807573	0.5842214	0.6050616	0.5868439	0.6651711	0.6639938	0.614712	0.6846219	0.6896728	0.6621629	0.6785848	0.6657757	0.6709985	0.7485041	0.5516294	0.7383917	0.7696185	0.5912347	0.5943068	0.6565245	0.6113446
G10	0.2321487	0.1011455	0.1360018	0.1842398	0.123675	0.1615563	0.165149	0.1989569	0.1069582	0.1389196	0.1651068	0.1664342	0.1974994	0.2995618	0.2487111	0.2000585	0.1593857	0.189683	0.1852359	0.1661908	0.1833425
G11	0.3247194	0.0808397	0.1245669	0.0681094	0.0369529	0.0357132	0.0267545	0.035401	0.0558177	0.0417353	0.0561336	0.2645825	0.3480173	0.3524215	0.3199347	0.3591005	0.3128533	0.3303058	0.2783158	0.3133701	0.3210947
G12	0.0656928	0.1487644	0.1538349	0.1117877	0.1574999	0.1498818	0.166168	0.1575729	0.1478647	0.111966	0.1349064	0.1538759	0.1960321	0.1272088	0.1299159	0.12301	0.0997044	0.0921412	0.1664938	0.1778431	0.1043412
G13	0.1626007	0.2241825	0.32746	0.3690947	0.3792176	0.3569895	0.2784363	0.2572434	0.2903619	0.3173928	0.35469	0.2999762	0.3705253	0.2416018	0.1487245	0.1151279	0.1008024	0.1273164	0.1786293	0.1706392	0.2140738
G14	0.2637453	0.5555851	0.6866398	0.6857855	0.7355321	0.6854707	0.571724	0.7676035	0.6273192	0.5807233	0.6086889	0.4862061	0.4408889	0.300872	0.3328987	0.2908779	0.2365917	0.2887885	0.2761254	0.2992458	0.3049705
G15	0.2356572	0.2195435	0.2238853	0.2398133	0.3092435	0.2899181	0.2983909	0.3186092	0.281134	0.2424561	0.3123999	0.1880831	0.1384832	0.1979017	0.1734896	0.1259041	0.168733	0.1911042	0.185826	0.1874409	0.1699214
G16	0.2124397	0.2644473	0.226612	0.260452	0.2793398	0.2804014	0.3185152	0.3331852	0.3185225	0.2263211	0.3552158	0.3995672	0.2413979	0.2856252	0.2647675	0.2396021	0.2077442	0.2291367	0.2257361	0.204025	0.2600025
G17	0.5188029	0.5738011	0.5753423	0.4636966	0.5490157	0.5465245	0.5271437	0.6125141	0.6328905	0.5995225	0.4689335	0.49877	0.6238887	0.5137053	0.4846208	0.5884903	0.6338286	0.4716927	0.4174116	0.5637842	0.5791926
G18	0.2636216	0.3185206	0.3075215	0.2902779	0.3392994	0.4885187	0.374486	0.3078027	0.4287089	0.4567455	0.4289212	0.4031265	0.367348	0.2985799	0.3385945	0.3174571	0.2335835	0.2356213	0.3427084	0.3120131	0.2402099
G19	0.4973641	0.493159	0.5236625	0.2945416	0.3182865	0.2680607	0.2855664	0.235809	0.2489198	0.3086652	0.3374816	0.2392996	0.2614292	0.3866093	0.474061	0.4395437	0.5167832	0.562138	0.5420632	0.4573293	0.4149798
G20	0.4421757	0.3785349	0.40209	0.326516	0.3231454	0.323522	0.3470952	0.3950259	0.3038082	0.3995028	0.3883127	0.4777628	0.3695177	0.344956	0.3490463	0.5573343	0.4527224	0.4419648	0.5143012	0.4042338	0.4976571
G21	0.2511862	0.1839043	0.1828412	0.1135728	0.1417818	0.1050513	0.1283047	0.182438	0.1862072	0.179982	0.170732	0.2452578	0.1891773	0.2087679	0.1322116	0.1752358	0.1508982	0.2029643	0.1373357	0.1880126	0.1425787
G22	0.1396065	0.2104988	0.299962	0.345679	0.4483836	0.3518043	0.3311556	0.3689659	0.2884999	0.3559269	0.3866354	0.389467	0.3902344	0.3138422	0.1870187	0.0791859	0.1026117	0.07294	0.142711	0.1492341	0.0749413
G23	0.4668828	0.1960577	0.2704971	0.2009808	0.2470037	0.190702	0.2178395	0.1985196	0.2585328	0.1518859	0.2270641	0.3537025	0.4244938	0.4111018	0.5003354	0.6286242	0.5072617	0.6099866	0.4844553	0.4342537	0.4867038
G24	0.4145369	0.5413746	0.3117872	0.2819511	0.2563311	0.2903117	0.2119687	0.1876872	0.2838107	0.259979	0.3045607	0.3631429	0.2579557	0.3283329	0.3507197	0.4506312	0.4778356	0.4056384	0.3397339	0.2716842	0.3649071
G25	0.4513845	0.5326763	0.6227916	0.6417202	0.6308486	0.5689856	0.5788758	0.6623111	0.5451888	0.6114459	0.5711584	0.6095863	0.5673168	0.7024339	0.6828538	0.5870411	0.7400019	0.5987422	0.6020721	0.5848052	0.4986458
G26	0.6055786	0.6730902	0.5232966	0.508042	0.5030356	0.5119584	0.4619134	0.3785319	0.4953342	0.5126541	0.5689424	0.4231059	0.4474368	0.4598718	0.6258804	0.597143	0.5463315	0.5850101	0.6492552	0.5011083	0.5393006
G27	0.273829	0.2818465	0.3124883	0.2545005	0.2486954	0.2483413	0.2632451	0.2250477	0.3426831	0.3255456	0.2821657	0.2988137	0.3351158	0.3033667	0.2835089	0.2913876	0.3181733	0.4039665	0.2468993	0.2106497	0.3100137
G28	0.3847119	0.5283215	0.4756944	0.4684213	0.4677104	0.4165122	0.4116512	0.4703513	0.4644255	0.4578984	0.518969	0.4790263	0.5360493	0.476127	0.4591225	0.3462236	0.5405906	0.5112161	0.4489396	0.4719117	0.4506612
G29	0.0600179	0.3555259	0.4654296	0.5872202	0.5327923	0.5227508	0.4247405	0.5713533	0.6328955	0.6296572	0.4993871	0.2330859	0.1676317	0.152433	0.1060483	0.0754383	0.0577552	0.0965747	0.0849562	0.0615062	0.0550846
G30	0.0019878	0.0007573	0.0046563	0.0027096	0.0030313	0.0018523	0.0021255	0.0048832	0.0026138	0.0005296	0.0031072	0.0038262	0.0060898	0.0011507	0.0024474	0.0005751	0.0013335	0.0008282	0.0007762	0.0035094	0.0234346
G31	0.2477144	0.2573277	0.1909982	0.2302354	0.2187694	0.2521504	0.339101	0.3257479	0.1971465	0.2681524	0.3991104	0.3526496	0.3275768	0.196228	0.1980341	0.1954591	0.1592648	0.3014077	0.2173874	0.226581	0.235686
G32	0.4373286	0.2539191	0.2405931	0.2656752	0.2217748	0.2510199	0.2063617	0.2249273	0.2781149	0.2149224	0.2570314	0.3771805	0.4326634	0.3752658	0.3614935	0.2941787	0.3895446	0.4545428	0.4436364	0.372902	0.4595431
G33	0.6243755	0.7427728	0.7084709	0.6464103	0.5952248	0.6558918	0.6135678	0.617276	0.6225995	0.8037855	0.652897	0.6554873	0.7444393	0.7894125	0.662461	0.6526782	0.6996035	0.671636	0.6055945	0.8230724	0.6744398
G34	0.2935442	0.3024347	0.3286982	0.3269753	0.2660746	0.2576363	0.1861437	0.29049	0.1824003	0.2851526	0.277804	0.215483	0.3157709	0.258601	0.2709843	0.2714029	0.3415788	0.2486712	0.2923147	0.2318906	0.1958396
G35	0.150428	0.1612062	0.1480422	0.2230477	0.2416415	0.1621517	0.2428896	0.2037864	0.1982486	0.2802611	0.1922863	0.2061434	0.1961214	0.2291984	0.1304467	0.2366352	0.2647033	0.2345444	0.2018619	0.2092172	0.1878247
G36	0.0561107	0.0962984	0.1386876	0.2338522	0.2861695	0.3003925	0.3386814	0.2652675	0.297263	0.3161091	0.4168154	0.3061002	0.3479468	0.283046	0.3483001	0.2680207	0.0897455	0.0771307	0.0664539	0.1388139	0.0866616
G37	0.6823521	0.2604799	0.274894	0.2851691	0.2641838	0.2701301	0.2489453	0.1687052	0.225328	0.1999977	0.2357763	0.438584	0.5810776	0.5969034	0.6372005	0.5422692	0.6364358	0.5438049	0.5750663	0.7264084	0.6490096
G38	0.0198728	0.0333588	0.0002049	0.0000236	0.0004201	0	0.0005338	0.0002116	0.0004736	0.0001922	0.0000547	0.0337416	0.0390664	0.0411819	0.0559915	0.0344132	0.0382425	0.0347766	0.0322228	0.1119316	0.0519143
G39	0.6350489	0.6431789	0.4896843	0.358398	0.2434697	0.09733	0.1045753	0.127017	0.0922716	0.1269149	0.1078956	0.3274842	0.5925411	0.7048747	0.6867033	0.6012864	0.5797149	0.616673	0.6271211	0.626087	0.6417298
G40	0.2560726	0.2190545	0.3349412	0.251433	0.3281839	0.3550839	0.4612532	0.4263733	0.5312814	0.4475643	0.6116047	0.448214	0.4499806	0.3163644	0.3486204	0.2781157	0.2261586	0.2283271	0.2678285	0.3214645	0.2428519
G41	0.6923492	0.6467305	0.6348587	0.6638153	0.7058472	0.555147	0.5356078	0.763259	0.7470381	0.6098753	0.7315661	0.6372297	0.6021967	0.76925	0.5648728	0.68869	0.6047389	0.6061903	0.6141894	0.6390086	0.6762914
G42	0.045778	0.2371692	0.313292	0.3452664	0.4429027	0.4210683	0.4934535	0.4972892	0.4560728	0.5447819	0.4307636	0.3307195	0.2497773	0.1667768	0.1191469	0.1005841	0.0312467	0.046278	0.0580481	0.0506341	0.0560622
G43	0.5820696	0.4769174	0.5859548	0.6143051	0.576165	0.5204682	0.4566037	0.4759056	0.5338937	0.4951224	0.5223534	0.6121543	0.5595618	0.5606557	0.5667915	0.5052229	0.472216	0.5736937	0.5295264	0.5306325	0.4422676
G44	0.0699809	0.0530052	0.0576915	0.0919964	0.0371615	0.0278314	0.0308206	0.0407064	0.0584647	0.0279723	0.0406594	0.0681876	0.0635626	0.0762114	0.0419226	0.0193606	0.0549765	0.0315393	0.0204464	0.064757	0.0485351
G45	0.0736225	0.0434975	0.1261178	0.2631336	0.3618699	0.4986611	0.4271896	0.4318595	0.5206243	0.4799642	0.4636892	0.3587642	0.3901205	0.3199207	0.0893461	0.0341709	0.0718568	0.0491423	0.0612336	0.0618623	0.0795411
G46	0.6043356	0.1465659	0.0492081	0.0162461	0.0246817	0.0114276	0.0041799	0.0260824	0.0203916	0.0264926	0.0073941	0.3612531	0.5946088	0.5720068	0.6148071	0.6132059	0.5963489	0.6575204	0.7655944	0.6704123	0.633238
G47	0.3825582	0.3627769	0.3155193	0.1835075	0.1205887	0.0714515	0.0247573	0.0077974	0.0252889	0.0121915	0.0374029	0.0517183	0.0387382	0.0627323	0.0599916	0.2296922	0.3509717	0.3727146	0.3221407	0.3874763	0.3900761
G48	0.2167004	0.2082743	0.2343534	0.1429558	0.1363357	0.1319347	0.0939976	0.0752977	0.1267215	0.0785445	0.0833047	0.0972312	0.1411957	0.1293175	0.1589208	0.2088972	0.2524257	0.2443074	0.2604117	0.2606097	0.245127
G49	0.621905	0.4402574	0.3030616	0.3559728	0.2711222	0.1911449	0.0805294	0.086635	0.0668468	0.107679	0.1091515	0.12951	0.253231	0.2649888	0.3151087	0.4129077	0.4485429	0.4397576	0.5981316	0.5874146	0.6074454
G50	0.6248456	0.5347327	0.5512103	0.4470584	0.3291522	0.3501433	0.3447102	0.3285234	0.3680629	0.2867079	0.3737074	0.345673	0.3444487	0.3570968	0.3253181	0.5027507	0.4895248	0.6788521	0.5408388	0.5993096	0.4779368
G51	0.1475889	0.1053076	0.1212683	0.1243528	0.0696992	0.1208599	0.1045709	0.0758133	0.0973671	0.0675756	0.1173993	0.097619	0.0937741	0.0998067	0.1024149	0.0808107	0.0668732	0.0765039	0.0878742	0.0878469	0.1568085
G52	0.6528124	0.6160779	0.6377047	0.5717479	0.7046994	0.583272	0.6436314	0.6938532	0.6640762	0.6212173	0.7112222	0.6962006	0.6926364	0.6060311	0.6604217	0.5657377	0.6396435	0.6237743	0.6256194	0.5456676	0.6396596
G53	0.3448081	0.5199104	0.476667	0.4168898	0.4227218	0.4307955	0.4844508	0.4013004	0.5193953	0.4111427	0.5045903	0.4455829	0.3212402	0.4963144	0.4201363	0.4063806	0.4496112	0.4581638	0.4697222	0.4762803	0.5180723
G54	0.5167271	0.6220343	0.5631137	0.4534784	0.4798229	0.5467946	0.5025493	0.5309116	0.6233858	0.5499314	0.5487271	0.3814855	0.4464616	0.3244687	0.2691785	0.5455474	0.4928445	0.4369112	0.4420331	0.3979644	0.4714123
G55	0.5631675	0.5056967	0.5657413	0.4801191	0.4533123	0.4348587	0.5433591	0.4367815	0.4759599	0.3647296	0.3734909	0.5765091	0.56551	0.5049424	0.6123945	0.7819995	0.6768157	0.6587448	0.6623155	0.6436101	0.5157854
G56	0.3704106	0.4288043	0.6245641	0.6701438	0.7975826	0.7113297	0.8227058	0.6056659	0.6220321	0.5898728	0.6254136	0.5906789	0.7832714	0.8016656	0.5073918	0.4904657	0.431123	0.483623	0.4536174	0.5026754	0.5507617
G57	0.0622961	0.3363992	0.5468153	0.4819491	0.6480476	0.6804538	0.6019413	0.564942	0.6058782	0.6400632	0.6602451	0.4026114	0.3755843	0.2952817	0.1923121	0.1522902	0.0794663	0.0974087	0.1040828	0.1074324	0.1029489
G58	0.0182613	0.0264231	0.0782887	0.1049624	0.2261447	0.147481	0.2239123	0.2184184	0.284622	0.3005107	0.3312184	0.3171058	0.1416081	0.0601508	0.0339043	0.023243	0.0267771	0.0162031	0.0361912	0.0114424	0.0166392
G59	0.0770138	0.0512981	0.0436636	0.0409949	0.0696181	0.027881	0.021158	0.0510156	0.0641001	0.0431683	0.044479	0.0509931	0.0709054	0.0673989	0.0693106	0.0594393	0.080036	0.0529961	0.041808	0.061305	0.0257636
G60	0.6551438	0.522207	0.6432757	0.5355633	0.4593049	0.4251755	0.3730433	0.3806976	0.3507846	0.3086794	0.3180935	0.4141332	0.4466332	0.6068652	0.6421138	0.7487513	0.6868124	0.6978167	0.5021852	0.6827185	0.6462692
G61	0.0096172	0.0336713	0.0970043	0.1786465	0.2159053	0.23383	0.2588416	0.2766172	0.2964994	0.3008718	0.2382402	0.3034236	0.1456482	0.1140901	0.0446439	0.0147813	0.0107513	0.0240024	0.0287312	0.0166856	0.0142615
G62	0.0911187	0.0834846	0.0978244	0.0691079	0.1108176	0.1094922	0.1342385	0.0980583	0.1230935	0.1083908	0.165387	0.144643	0.1153304	0.0944506	0.1105868	0.123745	0.2146252	0.0955005	0.0875596	0.123995	0.1148435
G63	0.2810783	0.2623428	0.2075309	0.3614092	0.2847654	0.2728481	0.2353887	0.280933	0.2346159	0.2600115	0.1991875	0.2357293	0.2183708	0.2579746	0.2460879	0.2422511	0.3032616	0.3225105	0.3299033	0.2681214	0.2990267
G64	0.3748501	0.4195047	0.4501766	0.5027566	0.3298849	0.3871131	0.4673826	0.5213556	0.5189111	0.4813833	0.419192	0.3691061	0.4893221	0.4182127	0.4266496	0.4492367	0.5301298	0.5183703	0.5369418	0.4959486	0.4354906
G65	0.1581642	0.1691982	0.164981	0.1712035	0.1438648	0.1890822	0.1730197	0.1376991	0.1912765	0.1390765	0.2008069	0.1445358	0.2534138	0.148866	0.1733861	0.170396	0.2156929	0.2424658	0.1742193	0.1733192	0.1928189
G66	0.5595031	0.5385169	0.5081944	0.6707953	0.6267222	0.5215465	0.5104009	0.7157921	0.5247874	0.5267044	0.6540013	0.5522849	0.6385452	0.5747077	0.5835237	0.5170282	0.5049636	0.5943392	0.611701	0.4994191	0.6140734
G67	0.0464161	0.0575744	0.1119582	0.0689348	0.0826522	0.1200335	0.0763015	0.0518324	0.0933673	0.0859597	0.0803072	0.0510871	0.0346413	0.0311172	0.045502	0.0527437	0.0591045	0.0580372	0.0510741	0.0647065	0.0550481
G68	0.0932531	0.070093	0.0559934	0.041232	0.0569451	0.073828	0.0573724	0.089908	0.0815251	0.0721637	0.0404159	0.0563291	0.0843144	0.0965303	0.0671535	0.0558591	0.0557411	0.0928436	0.0526038	0.0411654	0.0417055
G69	0.2111103	0.2410195	0.2494192	0.2368237	0.2595844	0.1725841	0.2537378	0.2647084	0.330552	0.1926317	0.2246029	0.2831841	0.2333445	0.2161637	0.2830555	0.2736505	0.2038975	0.1468553	0.1951156	0.1717357	0.1952249
G70	0.0252987	0.0652725	0.0736346	0.1310942	0.0872766	0.0875259	0.1165067	0.0879446	0.0875452	0.039501	0.0804678	0.0353907	0.0477073	0.0500509	0.0313179	0.0185567	0.0187074	0.0507228	0.0416812	0.0571291	0.0305537
G71	0.6217692	0.649935	0.6391893	0.7016695	0.5524699	0.7441764	0.6387292	0.6188489	0.6534456	0.5999619	0.7052078	0.531861	0.6110252	0.705765	0.7621394	0.5900009	0.6775753	0.588262	0.6552797	0.6279829	0.6467583
G72	0.2838808	0.2674582	0.1896371	0.2441587	0.1978063	0.2711095	0.2328561	0.190021	0.2170115	0.2114435	0.2250368	0.3273452	0.2768977	0.2441228	0.2600649	0.2683706	0.2944579	0.2199613	0.3002681	0.2780841	0.3119954
G73	0.199718	0.4418949	0.5198918	0.4837074	0.3574813	0.4551444	0.5217661	0.617493	0.5413167	0.533838	0.6196664	0.2394661	0.204831	0.1689854	0.1542951	0.3081937	0.1686781	0.2010679	0.2886516	0.2515064	0.2622204
G74	0.0494123	0.0606828	0.022908	0.0504032	0.033636	0.0469547	0.0291313	0.0144413	0.0238681	0.0231029	0.0418924	0.0639794	0.0283693	0.0470736	0.0202559	0.024732	0.03718	0.0261696	0.0518257	0.0569342	0.0345432
G75	0.3652942	0.3830055	0.368176	0.3794665	0.4474141	0.4538073	0.3357697	0.4211059	0.4059032	0.4754284	0.441629	0.4550874	0.4256361	0.4002628	0.3473756	0.5311332	0.4566734	0.4435742	0.4250222	0.3239359	0.3228898
G76	0.0576143	0.0445032	0.0782117	0.039469	0.047404	0.0606787	0.0522908	0.0350228	0.063432	0.0849739	0.0584577	0.0326149	0.0544917	0.0255925	0.0533228	0.0732221	0.0425389	0.0379684	0.0450832	0.0735431	0.0590471
G77	0.6287043	0.7420895	0.6412354	0.7176446	0.6898396	0.5758885	0.5738515	0.7179518	0.6079801	0.6227756	0.4706143	0.6562728	0.6684805	0.541259	0.6406611	0.4802908	0.6089666	0.6314403	0.5757376	0.7473313	0.7205133
G78	0.5093279	0.4645591	0.4353978	0.4485947	0.5778604	0.4344782	0.4924511	0.4626486	0.4951715	0.4298738	0.4152105	0.3682449	0.4662533	0.5362961	0.3376679	0.4735504	0.463006	0.4635487	0.4725938	0.4389117	0.4031623
G79	0.2418677	0.3394628	0.3611981	0.2771496	0.2896167	0.2608756	0.2785174	0.2391471	0.2827273	0.2623315	0.3387669	0.3346007	0.2225264	0.2752112	0.2699153	0.2756892	0.2828066	0.2261597	0.2876755	0.2519388	0.2983999
G80	0.2460935	0.355017	0.4161093	0.3115228	0.4132361	0.3712155	0.3245196	0.3197702	0.3355071	0.2910782	0.4060629	0.381483	0.4200121	0.4008371	0.3894923	0.3397225	0.3445595	0.2783689	0.2567429	0.2934187	0.2831387
G81	0.3534359	0.5028279	0.6566842	0.6140289	0.6728582	0.5888358	0.6956445	0.6551565	0.759609	0.6089419	0.6601481	0.4675951	0.3855931	0.4027866	0.3153883	0.4672647	0.3951454	0.4104354	0.2745023	0.3857156	0.5100439
G82	0.3318078	0.4901631	0.5996521	0.4765027	0.6212388	0.5907736	0.5269372	0.5987798	0.5721215	0.5355512	0.4928405	0.3032856	0.2676244	0.2595516	0.2392909	0.3418968	0.3144598	0.2012279	0.217745	0.2455815	0.311305
G83	0.5917352	0.089607	0.0704176	0.0615495	0.0459187	0.0571306	0.0524638	0.0683702	0.1089288	0.0919503	0.0448205	0.6101457	0.7037365	0.6854498	0.6552897	0.5625137	0.6775871	0.7044422	0.6444627	0.5622869	0.6041622
G84	0.060278	0.0482683	0.0520617	0.0608228	0.0207398	0.0405587	0.0557894	0.0491637	0.0347726	0.0276642	0.0333616	0.0309313	0.0234116	0.0304889	0.0443306	0.059322	0.0259594	0.0392224	0.0604212	0.0234159	0.0481643
G85	0.5799872	0.4527219	0.4385156	0.305542	0.2747138	0.2391967	0.2585416	0.3094146	0.1985032	0.2645597	0.2527197	0.395476	0.3422596	0.4249407	0.3620345	0.4001564	0.4844819	0.5819852	0.5416122	0.6484471	0.6537308
G86	0.6859504	0.6588508	0.5753442	0.5895758	0.415842	0.4051334	0.4322575	0.4793039	0.4172302	0.4085411	0.3645098	0.3847042	0.4095583	0.4557832	0.5204872	0.3975919	0.6877012	0.6113184	0.7029312	0.6128186	0.6497475
G87	0.4411205	0.2421811	0.092859	0.056133	0.0259367	0.0038336	0.0028421	0.0028668	0.0057154	0.0029457	0.0010928	0.0003396	0.002385	0.001051	0.0022986	0.016443	0.1185712	0.1215125	0.2397016	0.1826599	0.2363025
G88	0.6384417	0.660087	0.6341668	0.6020363	0.5631949	0.6584023	0.6233389	0.5505748	0.7023026	0.5508644	0.5181053	0.5242318	0.5817209	0.5902088	0.6625014	0.7126889	0.6797383	0.732627	0.5942921	0.6556565	0.596386
G89	0.0626234	0.0575052	0.0254737	0.0317749	0.0380837	0.03354	0.0538969	0.0579786	0.0658602	0.0431235	0.0845455	0.0513139	0.0462018	0.0647761	0.0590496	0.0662368	0.073914	0.1261751	0.0797067	0.0895021	0.0631531
G90	0.668954	0.6355689	0.6106429	0.7069305	0.4921376	0.7252412	0.639457	0.7202676	0.5982433	0.6365627	0.610921	0.585391	0.6617076	0.5471051	0.5068608	0.6670731	0.7494454	0.6078735	0.7078126	0.6642188	0.54403
G91	0.5926494	0.6890992	0.6288503	0.590523	0.6370187	0.6750579	0.6531719	0.5810373	0.6258636	0.6494763	0.6697143	0.5975939	0.7510692	0.6688364	0.6137884	0.6922793	0.6001487	0.5847058	0.6518303	0.7018904	0.6587664
G92	0.6900789	0.7304344	0.735304	0.6296239	0.724118	0.5817272	0.7903387	0.6011019	0.6402268	0.7160366	0.6977529	0.6905159	0.6294934	0.807294	0.6187794	0.6362193	0.6210507	0.5527687	0.5202324	0.6331384	0.6023033
G93	0.0317323	0.0165963	0.0413477	0.0023742	0.0104154	0.0032241	0.0137635	0.0055935	0.0064377	0.0185736	0.0232075	0.0595939	0.0396808	0.0515625	0.0348438	0.0747802	0.0451721	0.0333977	0.0402878	0.0683875	0.0716293
G94	0.4722025	0.5561449	0.5770087	0.696562	0.7221057	0.6074975	0.6370934	0.6102102	0.5684119	0.6635268	0.5707161	0.4476981	0.4764233	0.4294514	0.4575269	0.3102654	0.4308454	0.489202	0.5061808	0.514479	0.5557396
G95	0.0836953	0.0777845	0.068631	0.0705366	0.050953	0.0842634	0.048971	0.1061713	0.0664322	0.0595877	0.0546016	0.0510278	0.0910361	0.0777357	0.0750115	0.0565717	0.090387	0.0673372	0.071771	0.0953628	0.1280918
G96	0.534841	0.4667198	0.5614987	0.5371493	0.5019651	0.52028	0.5855049	0.5673465	0.5683467	0.4690374	0.5459435	0.5387752	0.5384517	0.567335	0.4994884	0.5088048	0.579537	0.5835664	0.4586105	0.5348194	0.4298998
G97	0.533612	0.4634891	0.5877891	0.5374798	0.514031	0.6124013	0.6335836	0.5756752	0.6565209	0.5057176	0.5033935	0.5642791	0.5149058	0.5510085	0.4585974	0.4653689	0.4645841	0.4643887	0.4477525	0.4997474	0.4426706
G98	0.6213208	0.5997544	0.5697735	0.6608987	0.6431782	0.7251399	0.5912529	0.691668	0.5817611	0.5456914	0.7117279	0.5582383	0.5772379	0.5959061	0.7242016	0.5621196	0.5733191	0.6996883	0.6281668	0.739234	0.7175967
G99	0.0250824	0.0157938	0.0017446	0.0027677	0.0012295	0.001566	0.001519	0.0055332	0.0006794	0.0000464	0.0001467	0.0224399	0.0240876	0.0385119	0.0294014	0.0296207	0.007294	0.0182294	0.022921	0.0302264	0.0324957
G100	0.536709	0.6447952	0.7382615	0.7923684	0.636087	0.6059775	0.5895643	0.7120032	0.6990236	0.5541261	0.4774584	0.5337653	0.5427434	0.6657067	0.623389	0.4707151	0.5132269	0.5697806	0.5151599	0.4110596	0.6028314
