ID	0	50	100	150	200	250	300	350	400	450	500	550	600	650	700	750	800	850	900	950	1000
G1	0.3229706	0.3315716	0.3622058	0.3383294	0.3388619	0.3345956	0.3210779	0.3241054	0.284562	0.2703023	0.336707	0.3452993	0.4080928	0.5019867	0.4388491	0.4478218	0.3680282	0.3247193	0.3217998	0.2779069	0.3544183
G2	0.2438554	0.195917	0.1978123	0.1947459	0.2434667	0.1586946	0.0929206	0.0491669	0.0434743	0.0271372	0.0510379	0.0368868	0.03597	0.0314816	0.0153021	0.0321133	0.0356469	0.0335534	0.0466183	0.0757956	0.0815469
G3	0.5267892	0.6364432	0.60643	0.6502833	0.7574462	0.7066498	0.6671342	0.7908037	0.592921	0.6917006	0.6199167	0.6083988	0.5512199	0.4035331	0.464541	0.4124615	0.5539994	0.488049	0.5683597	0.5791188	0.5321559
G4	0.4789422	0.3708547	0.4246233	0.3760578	0.3818688	0.3722246	0.5404418	0.5241733	0.442677	0.475617	0.3409547	0.382478	0.3392997	0.385482	0.3038214	0.3452546	0.3021407	0.31883	0.3603083	0.3640349	0.3406797
G5	0.1123656	0.0865604	0.093377	0.1161305	0.0539034	0.0645893	0.0708772	0.1179317	0.1200368	0.127742	0.066374	0.0864596	0.0819875	0.0675549	0.1267762	0.1179089	0.10592	0.1124539	0.1250736	0.2403508	0.2928017
G6	0.6547755	0.5411375	0.5068747	0.5921912	0.6197207	0.5721812	0.5933465	0.6975872	0.5958122	0.5889377	0.5817967	0.5580341	0.6750463	0.5534998	0.6480556	0.7261998	0.5572118	0.557288	0.5414598	0.5983424	0.604357
G7	0.4608972	0.4277998	0.4443738	0.3995716	0.4763696	0.4320156	0.5349568	0.4148908	0.4737604	0.6061724	0.5713652	0.4789544	0.4631232	0.5389659	0.4891056	0.5578214	0.4187211	0.4132618	0.3906874	0.2149526	0.145808
G8	0.386992	0.3835904	0.5684216	0.4246449	0.5211089	0.5654579	0.4907405	0.4467159	0.6396939	0.5429736	0.4579077	0.49715	0.4126874	0.5013562	0.4850899	0.5679073	0.5241455	0.6080434	0.51909	0.6015882	0.6104975
G9	0.705266	0.6559417	0.5916656	0.673445	0.6829204	0.5663453	0.718954	0.5701519	0.6162584	0.6082894	0.6914107	0.6894009	0.7498246	0.6764631	0.7037151	0.6110766	0.5756464	0.7481236	0.7074677	0.6861722	0.654483
G10	0.206906	0.1957147	0.1802394	0.2406643	0.2278607	0.1923732	0.1942214	0.1479159	0.1517018	0.2297552	0.1872907	0.1534513	0.1714664	0.1909971	0.1709748	0.2083781	0.228513	0.1580038	0.1959608	0.125693	0.1326264
G11	0.3236728	0.3057048	0.3177183	0.3418642	0.3219544	0.3158567	0.2856514	0.4059788	0.2617676	0.3033521	0.2866501	0.3645804	0.3493372	0.3251573	0.2908912	0.3333157	0.3265767	0.340642	0.4411269	0.3200642	0.2840136
G12	0.1400262	0.212738	0.2837803	0.2854749	0.217783	0.2335421	0.2565211	0.2266296	0.1795762	0.3172601	0.2277934	0.1946187	0.0797434	0.1254378	0.1296862	0.1523794	0.0868536	0.059837	0.0846508	0.1158691	0.0983342
G13	0.1869107	0.2012877	0.1388661	0.2068102	0.1254754	0.1302867	0.1747309	0.1452355	0.1600663	0.1592965	0.1177051	0.0918359	0.1034019	0.0759837	0.0478785	0.0679674	0.0929241	0.0614498	0.0243627	0.0362475	0.0556981
G14	0.2293897	0.5604133	0.5118195	0.6597925	0.4332702	0.4636969	0.509494	0.516304	0.5088662	0.4472913	0.4938397	0.4880299	0.5362252	0.453505	0.5567021	0.3859241	0.3180908	0.2294282	0.294626	0.2117994	0.1839528
G15	0.1250655	0.3058423	0.3334244	0.4424605	0.4755533	0.4150769	0.3770889	0.3493422	0.4602772	0.3753661	0.3946954	0.3508465	0.3501324	0.5992674	0.5485691	0.503591	0.3596307	0.3672383	0.3831814	0.2789159	0.3089566
G16	0.2663087	0.2200335	0.2970922	0.1958657	0.3078537	0.2499531	0.2494686	0.3062534	0.2661701	0.2896487	0.2996976	0.2923925	0.2930517	0.3129197	0.2492993	0.3035983	0.2660791	0.3315763	0.291904	0.2826468	0.2630452
G17	0.5736142	0.5774064	0.4988657	0.4511966	0.6019623	0.5119969	0.5354975	0.4849055	0.5367848	0.6359041	0.48663	0.533887	0.481264	0.5344128	0.5300937	0.3732041	0.3702844	0.2962326	0.1807135	0.150694	0.1940125
G18	0.2356475	0.3012647	0.3744685	0.3232003	0.321402	0.2747617	0.3490449	0.3579009	0.3409698	0.3074008	0.4029813	0.2751034	0.3630972	0.2863153	0.2449122	0.2477651	0.2048448	0.1901345	0.1794256	0.1418973	0.1222122
G19	0.4372527	0.56782	0.4439961	0.316857	0.4732721	0.4400302	0.3868692	0.5138454	0.4660372	0.4784255	0.5847906	0.6121578	0.6242699	0.4653281	0.4387298	0.4662211	0.4793985	0.4868347	0.4677006	0.4636109	0.474256
G20	0.4719156	0.4213164	0.4483718	0.4100973	0.5383128	0.4362026	0.4877409	0.3815752	0.4936642	0.396106	0.4314538	0.3524963	0.4366944	0.3565665	0.4693378	0.5169952	0.5732369	0.5030433	0.5657277	0.4649624	0.717435
G21	0.1301379	0.200345	0.2973886	0.4025776	0.288186	0.3259011	0.3615836	0.3198471	0.2799073	0.3633333	0.3709985	0.1989001	0.0812825	0.0127444	0.0414595	0.0281098	0.0231746	0.0538978	0.0602878	0.0546404	0.1123514
G22	0.2164696	0.6904622	0.6912887	0.6836152	0.6898762	0.5615376	0.812717	0.6350001	0.7018439	0.6176226	0.6787016	0.0697189	0.0279819	0.0115882	0.0074439	0.0099933	0.0045269	0.0068849	0.0069653	0.0045927	0.0185662
G23	0.4450126	0.4182428	0.5963651	0.5052904	0.5148891	0.5490515	0.5116278	0.5218043	0.6610775	0.6553067	0.6302778	0.6306296	0.5976391	0.5339501	0.5155256	0.5945875	0.5699528	0.6016001	0.466706	0.4625035	0.4698695
G24	0.3004744	0.4948992	0.6151539	0.5586827	0.7165509	0.5933112	0.7189856	0.6700328	0.7109015	0.6959028	0.6450779	0.5841503	0.6607809	0.58076	0.6256549	0.6263817	0.6503049	0.6780281	0.7042341	0.6233599	0.7845758
G25	0.5160387	0.4627302	0.6252903	0.5843546	0.5865577	0.5969439	0.4775044	0.4733507	0.5218602	0.666475	0.6022984	0.4869179	0.5480209	0.4358152	0.4788242	0.4534937	0.3844912	0.5561367	0.5939072	0.4265501	0.3933972
G26	0.5584736	0.5637557	0.4807393	0.6044591	0.5100245	0.5627839	0.6554872	0.6467096	0.5296611	0.4993684	0.4253635	0.4510754	0.4198494	0.5180788	0.5312695	0.432498	0.4404082	0.4827256	0.4259616	0.3964251	0.2838646
G27	0.2559448	0.3645669	0.2095282	0.2957383	0.3271593	0.2475629	0.3424447	0.274597	0.2975274	0.4229402	0.2288596	0.284033	0.1953099	0.2086365	0.2160013	0.2244587	0.1673789	0.1703899	0.1163602	0.0927172	0.0549407
G28	0.4198109	0.4738269	0.5115726	0.5218776	0.502436	0.4795797	0.5270001	0.4490439	0.4861667	0.4254188	0.5310547	0.5082713	0.5746279	0.6004343	0.5536414	0.6086497	0.4533488	0.522761	0.5316552	0.5368862	0.581408
G29	0.0542832	0.1520427	0.2172557	0.2274847	0.1743723	0.1426391	0.2161958	0.1655146	0.1529676	0.161749	0.1513777	0.0716844	0.0638374	0.0755012	0.0360549	0.0496089	0.0259984	0.047428	0.0204041	0.0413445	0.0576752
G30	0.0071279	0.4668998	0.584598	0.6374959	0.655981	0.6627638	0.6423756	0.5972632	0.7609712	0.6018805	0.7318606	0.1541249	0.0554194	0.0464901	0.0058124	0.0006651	0.0035528	0.0015696	0.0043257	0.018879	0.0048759
G31	0.2340628	0.1564388	0.1467051	0.1894862	0.2771349	0.2039735	0.2129262	0.2647932	0.2356529	0.151363	0.2145432	0.1852391	0.1907136	0.1723774	0.2228819	0.1696093	0.1781056	0.1797638	0.1501729	0.1467929	0.1286426
G32	0.3534577	0.3673292	0.3630061	0.4283519	0.4218885	0.4228424	0.3905895	0.432983	0.4534027	0.3886648	0.4070875	0.3519249	0.3136791	0.3291286	0.2692394	0.3481071	0.3248692	0.41969	0.4010951	0.3995036	0.4257374
G33	0.6401159	0.7638639	0.7633973	0.553633	0.5798457	0.6061666	0.6605635	0.7337374	0.6636238	0.6782513	0.7240416	0.5942917	0.6826866	0.6386788	0.5909891	0.5545086	0.6323813	0.6197588	0.7414025	0.5769746	0.5118487
G34	0.2100675	0.2540226	0.3528371	0.352167	0.3772114	0.3198833	0.4097908	0.4058663	0.3032893	0.3097533	0.3775589	0.3037394	0.251717	0.2103353	0.2899631	0.1749819	0.1742518	0.1976974	0.1823522	0.1966298	0.1816835
G35	0.1634194	0.2093273	0.1483974	0.1503777	0.1548806	0.2089756	0.1547034	0.2103006	0.1589065	0.2993804	0.2572339	0.2009587	0.1550516	0.1733739	0.1479508	0.1724646	0.210187	0.1462267	0.1594578	0.1093575	0.1012382
G36	0.1358509	0.328746	0.4118396	0.4326871	0.5151582	0.53572	0.519142	0.4715066	0.4419593	0.5538302	0.507995	0.3748221	0.1687047	0.0662109	0.0463604	0.0401031	0.0302823	0.0256057	0.046994	0.0264253	0.0331028
G37	0.6762176	0.6312869	0.555812	0.8177775	0.7256581	0.6541953	0.5733446	0.7061533	0.6648572	0.6981361	0.5625139	0.5084311	0.5947204	0.4823148	0.3702453	0.4881198	0.3873619	0.4071503	0.2380393	0.2766446	0.3095165
G38	0.075405	0.0245122	0.0034649	0.004137	0.0046894	0.0098692	0.0149952	0.0113943	0.0029542	0.0003208	0.0027156	0.0248693	0.0423819	0.0360851	0.0813715	0.068535	0.1657005	0.3070677	0.3105501	0.3049496	0.4042694
G39	0.6035158	0.5742236	0.7127782	0.5618786	0.6984319	0.7154314	0.6385513	0.6659019	0.6979099	0.5953767	0.6775353	0.6449179	0.6949646	0.7307334	0.642689	0.5622626	0.774706	0.6547179	0.6392354	0.6847574	0.6682665
G40	0.2862815	0.1708433	0.1341017	0.1818148	0.1683572	0.160206	0.1377643	0.1512748	0.1005242	0.1545167	0.1201325	0.2238623	0.1924683	0.2386034	0.1829173	0.2791718	0.365661	0.2818455	0.1772004	0.2374477	0.2519827
G41	0.6040761	0.6858234	0.6648113	0.6714656	0.5808026	0.6564982	0.5325597	0.6603185	0.7394538	0.6514049	0.7326743	0.6609039	0.6399167	0.643225	0.5546252	0.5219017	0.6313122	0.8516293	0.7534003	0.6707831	0.5534056
G42	0.0483023	0.047462	0.0575482	0.0684402	0.0499567	0.0536475	0.0250251	0.0581355	0.0443417	0.0373198	0.0357243	0.0682948	0.0316348	0.043487	0.0433872	0.0528778	0.0559552	0.0544206	0.0783161	0.0302224	0.0408996
G43	0.4092434	0.4831675	0.5586493	0.6481749	0.650148	0.5576366	0.5828591	0.6690806	0.5010214	0.6160621	0.6373126	0.6066861	0.7012884	0.6730938	0.6161249	0.5374536	0.4711675	0.6504999	0.5704761	0.5344234	0.4982221
G44	0.0365696	0.0528783	0.0399169	0.0197508	0.0873783	0.0425275	0.023862	0.0258459	0.0722708	0.0500798	0.0263643	0.0545076	0.0458785	0.0456629	0.0132613	0.0142289	0.0194028	0.0480651	0.0754946	0.0801222	0.0768184
G45	0.0592374	0.052025	0.1204619	0.080741	0.0909972	0.0754361	0.0949198	0.1199209	0.121407	0.0784774	0.0557003	0.043838	0.0630729	0.0301414	0.0587114	0.0329611	0.0541489	0.0818444	0.0429666	0.0332674	0.0544965
G46	0.6538271	0.6490073	0.6886922	0.6700211	0.6561982	0.6134367	0.6587493	0.781291	0.5402103	0.5527239	0.6645676	0.6625156	0.5980425	0.6639649	0.7343864	0.7157184	0.6231721	0.6898816	0.60827	0.7398214	0.7126464
G47	0.3387824	0.2109561	0.1162625	0.1644098	0.1570484	0.0851483	0.0809815	0.0945995	0.0874886	0.0733362	0.1688672	0.390091	0.4654223	0.545984	0.5960557	0.514707	0.5708132	0.5208959	0.4927351	0.4207343	0.4384155
G48	0.2779262	0.1821839	0.2313431	0.2188172	0.2196689	0.2159329	0.268365	0.1818172	0.1901872	0.2327431	0.1720986	0.2483177	0.2212703	0.2419576	0.2500796	0.3330485	0.3274025	0.2988605	0.2849574	0.2827497	0.2914057
G49	0.481178	0.4373929	0.5887088	0.5688858	0.5452572	0.4307591	0.47379	0.5279163	0.5478565	0.6413229	0.6879291	0.5093919	0.6057313	0.4946701	0.5830252	0.4999979	0.5896071	0.5169193	0.5327449	0.5554921	0.6810396
G50	0.4593514	0.4577997	0.4144902	0.4452674	0.3807048	0.3533027	0.4220064	0.2969657	0.4298854	0.384095	0.3927209	0.4365606	0.3018057	0.2721885	0.4356231	0.6294833	0.5372097	0.6407432	0.5229945	0.5712001	0.5419302
G51	0.1013322	0.1946332	0.0774224	0.1310482	0.0925541	0.0407286	0.0492735	0.0255512	0.0295143	0.0172769	0.0143364	0.0189746	0.0068604	0.0024869	0.0222468	0.003808	0.0219778	0.0047973	0	0.006388	0.0162801
G52	0.648089	0.6242427	0.6020781	0.6257634	0.476546	0.5156385	0.6494336	0.7053536	0.6197974	0.7086501	0.6030477	0.5736485	0.5979054	0.6448402	0.74138	0.642279	0.6320628	0.7531939	0.7249793	0.64549	0.6430568
G53	0.42473	0.4392765	0.3515397	0.2476371	0.3052012	0.2847815	0.2877999	0.3229893	0.334655	0.2591627	0.345224	0.3003644	0.347724	0.5529702	0.3858036	0.4453552	0.4838282	0.5153178	0.4953282	0.4634081	0.3864889
G54	0.4972246	0.4283956	0.3195897	0.3097054	0.3713013	0.3742331	0.3636775	0.3992079	0.4936873	0.4148358	0.3660333	0.2950657	0.2525393	0.2051265	0.209867	0.1836938	0.1602048	0.2205938	0.2214155	0.2659588	0.2024205
G55	0.5925115	0.2826795	0.2299894	0.2422812	0.3563806	0.2772977	0.3208648	0.2727317	0.2458058	0.2439831	0.2468932	0.6417338	0.5695686	0.6743528	0.6392863	0.7690492	0.7522077	0.6710867	0.6341923	0.6140578	0.6307895
G56	0.3833936	0.5693983	0.6177277	0.7539965	0.4650807	0.5796805	0.5619951	0.7262184	0.7188955	0.6291504	0.5812968	0.5781651	0.6888381	0.6275374	0.4648946	0.3875164	0.3863159	0.3828896	0.3021478	0.2239663	0.1500407
G57	0.0874797	0.3915396	0.4131285	0.4874663	0.5909025	0.5097034	0.492228	0.610263	0.5434165	0.589095	0.4996715	0.269006	0.1608427	0.151357	0.1139751	0.1170803	0.1095521	0.0400034	0.0618544	0.0487978	0.0580276
G58	0.0109644	0.0259651	0.0286193	0.0147189	0.0207351	0.0413248	0.0110712	0.036856	0.0321361	0.035377	0.0521444	0.0454876	0.0242978	0.02192	0.0346733	0.0358481	0.0168491	0.0279713	0.0198439	0.0238046	0.0484051
G59	0.0485759	0.0039614	0.0015017	0.0011182	0.0007029	0.0003264	0	0.0003967	0	0.0001755	0.0003357	0.0375364	0.0728652	0.0378631	0.0191265	0.0241736	0.0589765	0.0722904	0.0535556	0.09137	0.1074124
G60	0.6731691	0.6888075	0.5760764	0.5875828	0.6985709	0.6441112	0.55913	0.5769811	0.6141944	0.6338057	0.6370859	0.6878278	0.604766	0.6035966	0.6393333	0.5900203	0.6509397	0.5618059	0.6072783	0.5721152	0.6272238
G61	0.0234636	0.030663	0.0459068	0.0774887	0.0575793	0.1277605	0.0558359	0.0599402	0.0487242	0.0763674	0.0532727	0.0415476	0.0605694	0.0138168	0.0152869	0.0092674	0.0246042	0.0038215	0.0030654	0.0017855	0.0002421
G62	0.0786673	0.0662426	0.0623925	0.0299849	0.0607902	0.0365708	0.0209795	0.0383499	0.0620408	0.0351979	0.0291156	0.0732692	0.1117565	0.1129198	0.1240328	0.1293178	0.1499831	0.1528848	0.1883473	0.1810153	0.1579117
G63	0.2725242	0.3265107	0.2389218	0.2143053	0.2689842	0.2527118	0.221988	0.2785276	0.2845346	0.2376917	0.2936819	0.2240347	0.2471951	0.3343059	0.3003138	0.2870849	0.3833467	0.4225777	0.6173705	0.5899015	0.6495389
G64	0.5394534	0.4424623	0.3369123	0.4532358	0.379309	0.4547218	0.4609516	0.3764415	0.4529713	0.4101744	0.482697	0.3274388	0.4463539	0.3254936	0.3168679	0.4317586	0.3418195	0.2860183	0.1761194	0.1182521	0.0744106
G65	0.2863723	0.175954	0.2088686	0.1048675	0.0984692	0.0371463	0.0165133	0.0137514	0.0055026	0.01501	0.0179423	0.0063987	0.0162216	0.0256553	0.0340106	0.0219808	0.0301518	0.0380074	0.0338102	0.0839029	0.1449996
G66	0.5554505	0.5288701	0.5979599	0.5869127	0.7057517	0.4990465	0.5197251	0.5253325	0.6036781	0.5434439	0.7287226	0.5828643	0.8246451	0.6311457	0.7508915	0.6484936	0.6263104	0.6300176	0.6551637	0.579975	0.6585725
G67	0.0375924	0.0450506	0.0341851	0.0393174	0.0447033	0.0652609	0.0425679	0.0449894	0.0266073	0.0304561	0.0220627	0.0274278	0.0601273	0.0383563	0.0139556	0.058045	0.0561565	0.0250943	0.0493488	0.0440055	0.0205778
G68	0.0814395	0.0628869	0.0436527	0.0571089	0.0720551	0.0690148	0.1112912	0.2105923	0.2697525	0.3744007	0.4610317	0.3331586	0.4806029	0.3674275	0.2203406	0.214493	0.2596475	0.2739869	0.2487541	0.1049493	0.1091723
G69	0.2097764	0.2482584	0.2134419	0.2421191	0.2357575	0.1672516	0.197126	0.2482371	0.1879404	0.2608681	0.1872241	0.171886	0.2104456	0.2866821	0.2314138	0.2725962	0.264836	0.2600377	0.403531	0.392282	0.3587417
G70	0.02795	0.0194548	0.0301298	0.0459099	0.0352358	0.0352036	0.0481731	0.044377	0.0296078	0.0212567	0.0276677	0.0479906	0.0535919	0.0542037	0.0686602	0.033743	0.0238041	0.0418643	0.0287354	0.0478404	0.0272942
G71	0.5698306	0.6196989	0.5939487	0.6480482	0.6034247	0.6574325	0.5393317	0.4322053	0.4306152	0.2735177	0.2231839	0.1722877	0.1050814	0.1021553	0.2680546	0.3176593	0.301992	0.3751704	0.4553268	0.5040608	0.4782277
G72	0.3369597	0.1515002	0.1069394	0.038775	0.0302994	0.0261844	0.0118161	0.0101916	0.0025284	0.0290419	0.0107376	0.0553054	0.0309938	0.0684748	0.0571913	0.0432654	0.0512245	0.0872479	0.1220283	0.1445803	0.1439665
G73	0.3319842	0.1703017	0.0962747	0.0609742	0.0351616	0.0406593	0.0399266	0.0224545	0.0136976	0.0303442	0.0411849	0.0386452	0.1299393	0.2127698	0.241956	0.2205611	0.2265974	0.2699572	0.2412971	0.2338852	0.2621028
G74	0.068207	0.0542667	0.0251387	0.1364589	0.0386968	0.0343027	0.0468669	0.0209411	0.0336221	0.0800024	0.1570274	0.3500145	0.4107773	0.3895042	0.2041304	0.1303444	0.0856861	0.1143544	0.059124	0.0301842	0.0531071
G75	0.3924001	0.398566	0.4341089	0.4581152	0.4220723	0.436681	0.3645192	0.4259718	0.4368802	0.4250581	0.3484412	0.332099	0.1680897	0.1873589	0.1679629	0.1742856	0.1511787	0.1730336	0.2820256	0.3267228	0.3863025
G76	0.0668574	0.0631857	0.0468286	0.0520068	0.0380849	0.0620414	0.0476914	0.0385659	0.0434613	0.0403293	0.043534	0.0793874	0.0997473	0.147649	0.1758784	0.0916288	0.0735544	0.0570071	0.0379738	0.0462683	0.0339172
G77	0.5092888	0.545449	0.5159226	0.492547	0.5849023	0.5618002	0.5218951	0.6185601	0.5626294	0.6005192	0.6044405	0.5478542	0.5346832	0.4084351	0.4259252	0.553277	0.5384539	0.6506277	0.6633389	0.6167458	0.5189283
G78	0.502538	0.5663093	0.582954	0.513473	0.4549591	0.5482173	0.5926601	0.5317474	0.5849896	0.589015	0.4886175	0.4217235	0.2674852	0.274854	0.1844378	0.317143	0.3268009	0.4208671	0.3518707	0.3388346	0.3466063
G79	0.3422921	0.0414152	0.0239794	0.0133515	0.0118654	0.0069943	0.0060338	0.002019	0.0170381	0.0098874	0.0208789	0.253666	0.3672748	0.3832861	0.3204199	0.2866744	0.3453488	0.3453672	0.3024464	0.3611866	0.4049437
G80	0.2857517	0.3471169	0.3001779	0.3187799	0.2523603	0.2971709	0.3784668	0.2661971	0.2648228	0.3817927	0.3014255	0.3718452	0.2891593	0.2779277	0.2586188	0.2653008	0.3644192	0.2342553	0.1659601	0.1386586	0.0808194
G81	0.4998071	0.5448459	0.5974943	0.5103634	0.5571833	0.4662949	0.5601141	0.6008374	0.4472435	0.3849411	0.4148615	0.2353938	0.0992834	0.0894819	0.0628272	0.100936	0.1411264	0.1449058	0.2357236	0.2944638	0.3897588
G82	0.2950609	0.278891	0.3067255	0.3041844	0.2939529	0.2362878	0.2611839	0.2591853	0.2524184	0.2084958	0.0850082	0.0476691	0.0367794	0.0157696	0.0112582	0.0384137	0.0528565	0.0531712	0.1215425	0.1568884	0.1998215
G83	0.8309469	0.6433087	0.6408954	0.6211364	0.7133223	0.7005948	0.6073538	0.6731706	0.5951055	0.6655794	0.566554	0.6796228	0.6099595	0.6249528	0.5425142	0.5172086	0.6757502	0.7637869	0.6526512	0.5990991	0.5786577
G84	0.0805532	0.3643509	0.4743291	0.5150967	0.5614685	0.5573407	0.6033967	0.5744465	0.5029956	0.5748779	0.5110275	0.1721629	0.0706063	0.0678305	0.046016	0.0223451	0.0318275	0.0400809	0.0617827	0.0544568	0.0338176
G85	0.5126448	0.3342731	0.2459421	0.2230848	0.2737007	0.2232234	0.198417	0.2861158	0.295353	0.2622334	0.2381013	0.3558762	0.5922463	0.6253021	0.6368289	0.5812933	0.7073723	0.6691292	0.8197432	0.5214154	0.6567463
G86	0.6250111	0.3896734	0.2113473	0.1371939	0.0744153	0.0581849	0.0881784	0.0695089	0.0959304	0.0438386	0.0566378	0.3514711	0.5377028	0.5587772	0.6211468	0.6555758	0.7440874	0.5977929	0.6683623	0.6382854	0.5518546
G87	0.0729123	0.0320552	0.0206998	0.0054556	0.0039518	0.0110621	0.0021969	0.0017691	0.0003977	0.0004573	0.0062444	0.0014598	0.2566429	0.6145344	0.5443869	0.770138	0.685354	0.7474243	0.6796225	0.7649165	0.7020439
G88	0.5437369	0.538476	0.3743546	0.2059518	0.1947603	0.1946829	0.1804868	0.2497548	0.191521	0.2209952	0.1931392	0.458054	0.6226625	0.5348841	0.6094046	0.6728909	0.6802548	0.6941672	0.5463877	0.6196525	0.676666
G89	0.0703708	0.0972189	0.080397	0.0408132	0.0616918	0.0459484	0.0341822	0.0525957	0.0388325	0.0338756	0.0232122	0.0473424	0.0716763	0.1216545	0.1220449	0.1491388	0.2152061	0.2761907	0.3973465	0.4981451	0.6969259
G90	0.5569237	0.6423977	0.6399158	0.598415	0.609225	0.5126653	0.4088321	0.3675611	0.389826	0.447232	0.4575521	0.4042402	0.5800755	0.7752798	0.6022893	0.7760352	0.634455	0.5226268	0.7267384	0.5833765	0.72544
G91	0.6480972	0.5581071	0.5231375	0.4165413	0.429774	0.3988715	0.4539095	0.4638758	0.4940169	0.3911845	0.4321262	0.6393892	0.7102071	0.6007845	0.6871767	0.6291201	0.6654745	0.7188729	0.6509624	0.5834377	0.7014323
G92	0.5646204	0.5870274	0.5571627	0.5967231	0.6203819	0.637448	0.6882834	0.6485754	0.7621137	0.5585719	0.6835912	0.674152	0.7184374	0.6705141	0.6198546	0.627529	0.59708	0.6160612	0.6826862	0.6066713	0.6193599
G93	0.0583031	0.0093612	0.018518	0.0188819	0.0041461	0.0076439	0.0009674	0.0010315	0.0080471	0.0040201	0.0011618	0.0379543	0.0705017	0.0638715	0.0780349	0.0792683	0.0419671	0.1259743	0.0928514	0.2321022	0.3410689
G94	0.4943811	0.5118672	0.5090073	0.5239624	0.4765506	0.5101312	0.4648384	0.5516427	0.5596904	0.4519103	0.4930037	0.4719452	0.5187042	0.4976061	0.4409023	0.4375306	0.4049183	0.3519613	0.316234	0.2223189	0.1011526
G95	0.0619515	0.0195583	0.0281634	0.0213225	0.0059366	0.0024456	0.0034877	0.0024478	0.0023514	0.0008195	0.0020641	0.0485331	0.0606025	0.0432539	0.0535347	0.1352972	0.0895964	0.0615826	0.1160626	0.1302376	0.3357771
G96	0.6143056	0.4272301	0.4647032	0.4621761	0.4646665	0.5148914	0.5336477	0.4764168	0.5627169	0.6474096	0.5073247	0.4439354	0.4929232	0.4964376	0.4413413	0.4122242	0.4192016	0.5275889	0.4539204	0.3609583	0.3360896
G97	0.5259759	0.5278538	0.4782033	0.5289183	0.4997015	0.5007764	0.4433133	0.4085851	0.4458965	0.4717246	0.4929287	0.4930388	0.4474201	0.4391929	0.4554146	0.5037123	0.4846074	0.5369908	0.4572152	0.6769771	0.5856166
G98	0.6623021	0.2663009	0.2053865	0.2041758	0.1569635	0.1203596	0.1423157	0.1401997	0.1353412	0.0997953	0.0993242	0.4283826	0.5794032	0.5974835	0.7337356	0.6402041	0.6351409	0.69661	0.6196076	0.5785935	0.7843143
G99	0.0175458	0.0264887	0.0402656	0.0335342	0.0213142	0.0804174	0.0460837	0.0170427	0.0334068	0.0644126	0.0926633	0.2852789	0.3817806	0.6338244	0.4597942	0.2047813	0.135457	0.0615731	0.0671853	0.0461101	0.0481522
G100	0.5425954	0.5515242	0.495313	0.5083967	0.5567513	0.6263893	0.618851	0.5857445	0.5098084	0.444961	0.4299091	0.4205859	0.3468213	0.373336	0.283164	0.4960637	0.4560631	0.5254396	0.5437301	0.4100123	0.5933434
