ID	0	50	100	150	200	250	300	350	400	450	500	550	600	650	700	750	800	850	900	950	1000
G1	0.334062	0.5054578	0.622615	0.6256231	0.685855	0.6344708	0.6831088	0.6610215	0.6318295	0.610873	0.6904515	0.4313558	0.3238481	0.2931546	0.324627	0.3204231	0.3172547	0.2624629	0.4666017	0.4252601	0.3917591
G2	0.2277161	0.2918533	0.2789276	0.3233499	0.2374694	0.2951653	0.2970973	0.2245365	0.2898064	0.234468	0.2765864	0.1852182	0.1079649	0.141	0.222548	0.2797889	0.2641442	0.2643113	0.184722	0.2867616	0.2771203
G3	0.5421196	0.7117865	0.5795724	0.6870572	0.7270259	0.6622267	0.6534075	0.7459221	0.5373077	0.6354078	0.6455436	0.5956331	0.6237268	0.6481956	0.6071527	0.6851978	0.6270014	0.5987834	0.6719735	0.5124846	0.5956141
G4	0.4881817	0.4354735	0.2701795	0.2277982	0.2856908	0.2447115	0.2593495	0.2189735	0.2744678	0.1781802	0.2531038	0.3074879	0.3662315	0.4006731	0.4794935	0.3753806	0.3973551	0.4295648	0.4178557	0.4202579	0.4249524
G5	0.1151766	0.0424497	0.0665763	0.0703381	0.068934	0.0769688	0.0578017	0.0522335	0.0639212	0.0604202	0.098578	0.1020303	0.1231279	0.1225112	0.1462618	0.1111831	0.1244972	0.1562997	0.1326537	0.1277473	0.1050827
G6	0.5516957	0.753073	0.5231609	0.72081	0.61008	0.6378278	0.6631124	0.5799299	0.6565817	0.6949425	0.588555	0.7072925	0.6325157	0.5702323	0.5277139	0.5833388	0.5939392	0.5119375	0.643985	0.5755592	0.5511264
G7	0.5090521	0.4760879	0.4440055	0.5993988	0.5973113	0.4788323	0.5728865	0.484487	0.4425493	0.4210753	0.4642025	0.333111	0.3132925	0.4402571	0.399663	0.4506646	0.4954505	0.5465508	0.6003611	0.521898	0.555067
G8	0.4911704	0.5114739	0.4507311	0.520764	0.8008288	0.5627253	0.69197	0.6355051	0.7119938	0.5952789	0.5658335	0.5655468	0.5429971	0.5483855	0.5475697	0.5871465	0.506159	0.5430324	0.4982764	0.4903423	0.4999842
G9	0.6239822	0.7447498	0.5329276	0.5680975	0.6320625	0.7055347	0.6360561	0.6784447	0.5551915	0.6139231	0.6368615	0.7054713	0.531529	0.5425415	0.7199893	0.7041606	0.6290242	0.5499929	0.7143877	0.7071752	0.6423293
G10	0.1864527	0.1857158	0.2077826	0.1932043	0.1951087	0.1872411	0.1841967	0.1535097	0.2222178	0.2698517	0.2218332	0.2431905	0.2068206	0.1835237	0.3308427	0.2018213	0.1697493	0.1952624	0.2070322	0.2039879	0.1781137
G11	0.3270325	0.3067557	0.2824594	0.2851106	0.3616776	0.3776484	0.3416589	0.3068065	0.3547649	0.3717824	0.3272007	0.3155467	0.3553741	0.2758896	0.3006716	0.2746125	0.3306641	0.2791741	0.2391526	0.3420782	0.3131984
G12	0.1032351	0.353154	0.3381091	0.3572292	0.3812292	0.3785866	0.4126655	0.3791423	0.3674417	0.4338552	0.3555437	0.0873933	0.1186858	0.150512	0.1205223	0.1417516	0.1270181	0.1222392	0.0643559	0.1511671	0.1293112
G13	0.1130172	0.0898993	0.0923884	0.0448986	0.0505007	0.0668723	0.0841475	0.0903895	0.0675653	0.0401813	0.0448512	0.0430646	0.0601527	0.1033651	0.0664833	0.087118	0.1327692	0.1783928	0.1696768	0.1474732	0.2260868
G14	0.294987	0.2859119	0.3083712	0.2172853	0.1635486	0.1179172	0.1154432	0.1872156	0.2281741	0.1683958	0.2094179	0.1771352	0.1406526	0.2596231	0.2256836	0.2067384	0.2380123	0.2196332	0.2144875	0.3234555	0.2411334
G15	0.134141	0.1566554	0.2691737	0.3361853	0.333328	0.4282737	0.3067604	0.2453559	0.2861366	0.3437372	0.2922237	0.3366239	0.313435	0.2994722	0.1967931	0.3049784	0.2125579	0.192298	0.1631537	0.126333	0.1208687
G16	0.3243662	0.2588132	0.3214257	0.3014471	0.2644406	0.2706362	0.2741453	0.3711588	0.1889383	0.2807373	0.2899589	0.2869135	0.250775	0.2466798	0.2035217	0.246904	0.1633862	0.230351	0.2688711	0.2608937	0.2347109
G17	0.4445922	0.5190792	0.4615545	0.5358321	0.4975825	0.4284666	0.412257	0.4747319	0.453009	0.4012234	0.226487	0.2725282	0.3760009	0.4934822	0.4498034	0.3808158	0.5350253	0.551804	0.5665467	0.5563308	0.6115039
G18	0.3638292	0.3318286	0.2519328	0.2910327	0.2800119	0.2882412	0.2711415	0.3578503	0.2790163	0.272656	0.244527	0.204588	0.2372717	0.2822339	0.2573247	0.3015356	0.3434752	0.2775177	0.3195746	0.2842162	0.261349
G19	0.4995818	0.1830743	0.0574727	0.0463911	0.0244436	0.0340076	0.0401465	0.0207005	0.0325016	0.0261308	0.0449568	0.4051207	0.4968827	0.4962913	0.711047	0.5904496	0.5717866	0.6115786	0.5904552	0.4694354	0.3916934
G20	0.3941304	0.2137559	0.1134236	0.1357848	0.107613	0.1071371	0.1839992	0.098073	0.0947345	0.1296395	0.1704076	0.5185923	0.5980404	0.5107695	0.5308779	0.4189111	0.4234033	0.3952512	0.4357661	0.3335449	0.3725184
G21	0.2009843	0.1067684	0.2730079	0.3193968	0.3275168	0.3998965	0.2785924	0.3392627	0.2951569	0.2927399	0.3227005	0.2763063	0.1413524	0.1489574	0.1693969	0.1589142	0.2148105	0.2705699	0.1811574	0.1646003	0.2324721
G22	0.1315145	0.112137	0.0311404	0.005609	0.0010853	0.0161904	0.0025746	0.0152123	0.0213085	0.0100896	0.0082263	0.0100822	0.0350821	0.0674348	0.0506261	0.0599054	0.0687019	0.1594921	0.1631719	0.1356594	0.2200197
G23	0.5725744	0.5152377	0.6722879	0.615161	0.7471526	0.5879115	0.6373172	0.5964865	0.7216159	0.5899327	0.4727354	0.5375353	0.4896571	0.568006	0.4757101	0.4707728	0.3614527	0.3879974	0.4744814	0.4985201	0.4630369
G24	0.5594551	0.3369899	0.3276195	0.3049132	0.2983638	0.3149917	0.2764521	0.3438857	0.2908701	0.2753604	0.3472685	0.573687	0.519615	0.483271	0.6763949	0.5189323	0.4398163	0.4988129	0.5613463	0.4816511	0.4204108
G25	0.5922353	0.5296035	0.5519435	0.4759477	0.6201607	0.5934801	0.5845863	0.5651483	0.6003704	0.4927237	0.6438436	0.530806	0.5640094	0.5498526	0.6318656	0.5722164	0.53429	0.3801326	0.5822618	0.5073797	0.6551917
G26	0.5632668	0.6191846	0.6368549	0.6004105	0.4846323	0.4468	0.4440062	0.4306826	0.4096467	0.5996848	0.41324	0.3947216	0.2896192	0.3206605	0.5693372	0.4634493	0.649436	0.5679758	0.533335	0.6543054	0.6357812
G27	0.2666121	0.2685456	0.2579959	0.3616665	0.2541641	0.2686338	0.2480999	0.2000965	0.1669142	0.1314169	0.1116873	0.0894377	0.1008081	0.13719	0.2152997	0.2259822	0.2097246	0.3790487	0.2866442	0.281505	0.4224955
G28	0.4784343	0.4571464	0.4314934	0.4460647	0.536866	0.4508432	0.4055749	0.4486837	0.7213997	0.523253	0.5002665	0.5186016	0.6190168	0.4925002	0.3711933	0.5390322	0.4884919	0.5441319	0.4772634	0.4979255	0.4465757
G29	0.0891112	0.0578742	0.0539062	0.0650692	0.0574231	0.0872931	0.0675385	0.0834678	0.075814	0.0648116	0.0360608	0.0104111	0.0802127	0.0420717	0.030446	0.0220733	0.0231811	0.0342967	0.065555	0.0443787	0.0725226
G30	0.0051784	0.0042927	0.0027913	0.0046219	0.0036269	0.0023696	0.0161075	0.0134729	0.0142679	0.0157869	0.0054018	0.0219555	0.0176165	0.0027262	0.0107848	0.0305791	0.0220699	0.0249485	0.0126542	0.0087587	0.0150756
G31	0.2287697	0.2490571	0.2602094	0.3714436	0.4600042	0.4031363	0.4012396	0.3190041	0.3084154	0.2663337	0.269492	0.3388688	0.1474103	0.1718035	0.1778344	0.1477469	0.1125902	0.1576427	0.2147083	0.2227251	0.2509977
G32	0.3604857	0.4037469	0.3543779	0.3703294	0.3791052	0.4333073	0.352205	0.3898877	0.327794	0.2784987	0.2398318	0.2341346	0.2836232	0.3426494	0.2881195	0.413604	0.3246536	0.4129708	0.3005248	0.4558982	0.4516349
G33	0.7420602	0.5499128	0.6106826	0.6020694	0.5317874	0.5562952	0.6229162	0.6622417	0.6308998	0.6273664	0.7243203	0.6306445	0.6614044	0.6835535	0.7221188	0.7041051	0.6959599	0.7182031	0.6559522	0.7419422	0.6419606
G34	0.2768015	0.2101862	0.2199139	0.2266143	0.2428391	0.2725911	0.2846191	0.2686008	0.187063	0.2613256	0.2070314	0.2215037	0.1143324	0.1889392	0.1607665	0.2674843	0.2292789	0.2594931	0.3253171	0.2137567	0.3056769
G35	0.1113172	0.2787249	0.2484472	0.3520581	0.3595788	0.3225835	0.3275484	0.312111	0.2847316	0.3056676	0.2670602	0.2448996	0.2873195	0.2463228	0.1958395	0.1393211	0.1565745	0.2022711	0.2202556	0.1959491	0.1887466
G36	0.1296805	0.0686873	0.0485826	0.0443542	0.0230144	0.0370388	0.0571452	0.0122792	0.0112614	0.0562874	0.0277258	0.0336427	0.0221303	0.0373132	0.0298711	0.022382	0.0197924	0.0777178	0.0395098	0.1324838	0.1438981
G37	0.5817815	0.6067426	0.662334	0.6022202	0.5783055	0.591551	0.6396814	0.6558676	0.5204533	0.4629899	0.4834948	0.5905697	0.469361	0.4362586	0.4532604	0.5442389	0.460624	0.6080662	0.5978373	0.5649344	0.7256706
G38	0.0067861	0.0130965	0.0302343	0.0626181	0.1374969	0.2286157	0.2597549	0.3088586	0.2541253	0.2536648	0.3450706	0.4143876	0.3417868	0.4678974	0.3525312	0.3372006	0.3145184	0.3614763	0.3225076	0.2860924	0.1460623
G39	0.685303	0.6009314	0.5867586	0.6192564	0.691038	0.6203136	0.5176627	0.6440853	0.5553111	0.7586618	0.6670586	0.6184363	0.6236161	0.6410758	0.6809263	0.6010103	0.5290555	0.6165817	0.4634427	0.6346703	0.5787268
G40	0.2120955	0.0815749	0.0698224	0.0218699	0.0645601	0.045853	0.1089456	0.0840009	0.0481041	0.063027	0.1087054	0.231263	0.2814154	0.2406193	0.2380504	0.1967737	0.2592293	0.3059188	0.2359458	0.331137	0.2964351
G41	0.6203788	0.17575	0.1277305	0.0842263	0.1106572	0.0621386	0.1186175	0.0548476	0.1166087	0.106371	0.116695	0.6410347	0.5900643	0.7077834	0.6930856	0.6148074	0.6840298	0.6648763	0.6670472	0.6776812	0.6822495
G42	0.0520566	0.0363494	0.0457164	0.0570764	0.0735935	0.0389259	0.0229257	0.0373628	0.0357872	0.0407424	0.0326059	0.0400219	0.0583097	0.0355573	0.0682383	0.0168127	0.0247536	0.0376038	0.0383588	0.0624714	0.0638748
G43	0.5145579	0.3236177	0.4859292	0.433264	0.5751771	0.5212763	0.6139429	0.5423227	0.5175693	0.4414639	0.5835808	0.4856517	0.5561618	0.4992111	0.6507372	0.6101432	0.553601	0.5817667	0.5011453	0.4745799	0.5467511
G44	0.0301363	0.0340664	0.0421081	0.0537863	0.057552	0.0918039	0.0588319	0.0474023	0.057772	0.0619558	0.0414191	0.0597096	0.0835753	0.0414838	0.0301003	0.0439786	0.0272745	0.0484077	0.04357	0.066707	0.0324802
G45	0.0927315	0.0746271	0.0581549	0.057336	0.0407032	0.0378411	0.0348509	0.0414345	0.0646619	0.0546297	0.064493	0.0580997	0.0283385	0.0270875	0.07531	0.0418189	0.0457655	0.0420925	0.0388565	0.0690941	0.0318607
G46	0.5925687	0.5940071	0.5558243	0.5854196	0.7999463	0.5351213	0.6715829	0.6176781	0.6339205	0.5810862	0.5505916	0.7722521	0.6288663	0.6808615	0.6173202	0.5745906	0.6653943	0.5433244	0.5869605	0.5636753	0.6522743
G47	0.3888839	0.3085715	0.3015292	0.2617636	0.3002097	0.3039634	0.282578	0.3390385	0.2953269	0.3160076	0.4477732	0.3229015	0.3718255	0.3462374	0.3756707	0.3485236	0.3194161	0.3262934	0.3139686	0.3711565	0.3090916
G48	0.1818751	0.2770722	0.2245666	0.2295575	0.2190826	0.2180106	0.2360029	0.302512	0.2894615	0.220389	0.3091876	0.2789239	0.2326594	0.2683363	0.2834327	0.2744133	0.1927571	0.3445102	0.2405777	0.2384813	0.1982968
G49	0.5749882	0.4943586	0.5980141	0.6455508	0.568159	0.5245754	0.5959109	0.5692658	0.5838251	0.5793245	0.6961817	0.42878	0.4941464	0.3953544	0.5641787	0.489955	0.4463552	0.4685325	0.5386592	0.4856338	0.5697312
G50	0.6319078	0.5430848	0.6092906	0.5086481	0.5917289	0.4865648	0.4769057	0.4654621	0.4496779	0.5918186	0.5515664	0.5400603	0.4883404	0.6169192	0.5690829	0.5736402	0.5628932	0.502975	0.5662474	0.4810066	0.4911559
G51	0.1073618	0.0925757	0.1783393	0.1329002	0.2559517	0.1641465	0.0701147	0.0644012	0.1098737	0.0899026	0.0773738	0.044334	0.0526091	0.0317618	0.0418296	0.0600582	0.0987093	0.179263	0.1668519	0.1598996	0.1069048
G52	0.6769089	0.6333475	0.6007224	0.5499894	0.6227463	0.7548423	0.5888388	0.5724894	0.6657576	0.6752844	0.5190275	0.5626161	0.6733919	0.7689371	0.6000616	0.7202778	0.6465041	0.604462	0.6172069	0.5383311	0.6310247
G53	0.4028836	0.415855	0.4489552	0.4044783	0.3800463	0.4515109	0.479426	0.4997266	0.4464891	0.4532368	0.5156084	0.4613607	0.4475407	0.3984019	0.5798527	0.4568197	0.4432228	0.4256098	0.4155932	0.5434515	0.3330092
G54	0.4281692	0.4378105	0.3562696	0.2571267	0.2410372	0.2124175	0.1825902	0.1345446	0.1411377	0.1628518	0.178683	0.286137	0.2884119	0.3418158	0.2287169	0.337156	0.4406355	0.6033097	0.6163435	0.5309385	0.6066079
G55	0.4974735	0.6561846	0.5938233	0.528382	0.5548356	0.5698561	0.579136	0.6399231	0.4888495	0.4959028	0.5831336	0.7537469	0.6107924	0.5512743	0.5733503	0.7464656	0.52325	0.6706612	0.6505878	0.68204	0.5602265
G56	0.5593464	0.5585108	0.4281987	0.5069995	0.4240893	0.4982527	0.5040922	0.532446	0.3990692	0.3908781	0.372983	0.2616927	0.178507	0.130925	0.0703554	0.09209	0.1905356	0.2551408	0.2310411	0.1866024	0.2806327
G57	0.066213	0.1087107	0.1357626	0.0868712	0.0968294	0.1184398	0.1030899	0.1067745	0.0783534	0.0601594	0.0434513	0.0575261	0.0797606	0.035261	0.0492197	0.0364126	0.0700259	0.0525987	0.0594065	0.0565779	0.1114719
G58	0.0219084	0.1327121	0.1208893	0.1397797	0.1290047	0.1360949	0.2090215	0.2184896	0.2195012	0.1993553	0.1508226	0.0657679	0.0321103	0.0211803	0.0309533	0.045272	0.0245985	0.0476687	0.0364159	0.0848662	0.0132074
G59	0.0547199	0.0328657	0.0451681	0.054515	0.0538079	0.1215765	0.0753845	0.0333154	0.034573	0.0411503	0.0672896	0.0951623	0.118002	0.1718216	0.1961	0.0973544	0.0490072	0.0484217	0.0468446	0.0268816	0.0471097
G60	0.6150056	0.658485	0.6226815	0.6144064	0.6563833	0.5772516	0.7091017	0.5234126	0.6898022	0.5929004	0.5988705	0.6934237	0.7504952	0.6227994	0.728076	0.5683189	0.555464	0.7051121	0.6948638	0.7195437	0.620294
G61	0.0187613	0.0203164	0.0223849	0.0360033	0.0163134	0.0473225	0.0114824	0.009912	0.0198235	0.0070168	0.0237845	0.0161254	0.003736	0.0034402	0.0059029	0.0043171	0.0077141	0.0187214	0.005789	0.0056384	0.0026531
G62	0.1260504	0.0798288	0.1171573	0.0940656	0.0426152	0.0491082	0.0329383	0.0559766	0.0309742	0.0331275	0.0313463	0.0417134	0.0834926	0.1003183	0.1249521	0.1184115	0.0925058	0.1065547	0.1225398	0.1517441	0.1377795
G63	0.2225924	0.2347095	0.1628104	0.1481033	0.2416642	0.3710269	0.5662331	0.5567777	0.5713515	0.6454183	0.6247028	0.4662664	0.5839824	0.5722461	0.6864844	0.6376286	0.5335778	0.7449086	0.6298738	0.6103471	0.6065365
G64	0.4498714	0.6030235	0.3633515	0.432733	0.50496	0.595861	0.4233009	0.4167751	0.3769253	0.3466987	0.2535881	0.1859261	0.192597	0.2955985	0.3385184	0.405013	0.448978	0.5311272	0.4550839	0.4409857	0.4122404
G65	0.2034568	0.2632171	0.3070911	0.2076045	0.3055294	0.2009556	0.2401034	0.1631706	0.2143309	0.150945	0.1458363	0.062627	0.1144093	0.1707552	0.1613856	0.1440402	0.2883196	0.2446579	0.211897	0.1710963	0.2421533
G66	0.6422394	0.432068	0.6059385	0.561317	0.5224067	0.562209	0.5405897	0.5737795	0.6781213	0.6276901	0.5902205	0.6850875	0.6795103	0.5451203	0.5276531	0.5503615	0.6659752	0.6122253	0.5514529	0.5532645	0.5149081
G67	0.0320765	0.0512806	0.0563897	0.028116	0.0532345	0.0568237	0.0290818	0.0687503	0.0429524	0.0383464	0.0278006	0.0376404	0.0713481	0.0367731	0.0501167	0.0338499	0.0167676	0.0393225	0.0480537	0.0590175	0.0753319
G68	0.0737671	0.0686997	0.0737754	0.0285582	0.0691287	0.0430945	0.0527998	0.0435157	0.0523671	0.0711008	0.1172595	0.0449527	0.0675314	0.0931579	0.067586	0.0476881	0.0683562	0.0571734	0.0618038	0.0413667	0.0707838
G69	0.2748367	0.0443521	0.0608364	0.0323098	0.0175815	0.0235254	0.0262368	0.0412063	0.0502708	0.0274101	0.0313505	0.2657591	0.4195108	0.398695	0.3863237	0.2296118	0.3349575	0.2214259	0.2954472	0.2787009	0.2602209
G70	0.0402332	0.007267	0.0072234	0.0088351	0.0071194	0.0024721	0.0003215	0.0074306	0.0022112	0.0009755	0.0024636	0.0098207	0.0189706	0.0689528	0.0360779	0.0194758	0.057987	0.0328948	0.031339	0.038335	0.0580883
G71	0.6517918	0.7248438	0.6016963	0.5770874	0.7037227	0.6519942	0.663151	0.641461	0.6407096	0.7001723	0.6222976	0.5603123	0.7184761	0.680909	0.6782381	0.5566979	0.6705693	0.6674089	0.635391	0.544296	0.6520739
G72	0.2676858	0.1342806	0.0475788	0.0576569	0.0231165	0.035257	0.0301929	0.0494727	0.0262337	0.0147142	0.017861	0.2577549	0.3179163	0.23878	0.2720818	0.2984287	0.2716778	0.3837755	0.312246	0.3040681	0.3091811
G73	0.2485655	0.1849146	0.1180033	0.0428466	0.0433382	0.0491207	0.029477	0.0251292	0.0085483	0.0345584	0.0140393	0.04934	0.1394718	0.1430406	0.1389953	0.2083217	0.1618853	0.1848678	0.280883	0.2128301	0.1812486
G74	0.0315978	0.0056134	0.000149	0.0016234	0.0014298	0.0011019	0.0021664	0.0193294	0.0010029	0.0037093	0.0062748	0.0418759	0.0433357	0.0494449	0.0271905	0.0456989	0.0311854	0.0604593	0.0417105	0.0166538	0.0408743
G75	0.5209181	0.3025704	0.2199519	0.1740148	0.1840009	0.1865561	0.2162446	0.2004775	0.2483426	0.2704736	0.2489333	0.3318379	0.4648616	0.5069553	0.511865	0.4427567	0.4811967	0.4592597	0.4569653	0.5958	0.4623158
G76	0.0374072	0.3095195	0.316457	0.3000368	0.3123203	0.4334695	0.3368663	0.3425878	0.3872301	0.2310445	0.3648295	0.1406309	0.0476081	0.048836	0.0327833	0.0473424	0.0233046	0.0498308	0.029983	0.0683532	0.08705
G77	0.464549	0.4605936	0.5922974	0.6989138	0.48206	0.6873891	0.5106784	0.4617533	0.6268053	0.4892321	0.5925784	0.551612	0.5797523	0.5486518	0.7114381	0.6100366	0.6349447	0.707319	0.7228625	0.6355815	0.4957937
G78	0.4398168	0.2641418	0.2951695	0.3310729	0.2285752	0.2520591	0.2816023	0.1376789	0.3115913	0.2206951	0.1869768	0.3370616	0.2906777	0.272864	0.2521338	0.4016754	0.3612806	0.4433742	0.3295377	0.437447	0.5204393
G79	0.1880462	0.1287116	0.0469988	0.0350691	0.0418954	0.0649737	0.0288692	0.0455142	0.0131352	0.029911	0.0289929	0.2326161	0.3155293	0.2279797	0.2743625	0.2538422	0.2724453	0.2740707	0.223002	0.2655192	0.3002082
G80	0.3203674	0.3453365	0.3476553	0.3000042	0.2694612	0.3138474	0.2015588	0.0992919	0.0996925	0.0695598	0.0430251	0.064082	0.0613872	0.0849392	0.077304	0.0827644	0.0932503	0.0633718	0.0925009	0.0879362	0.1443985
G81	0.333093	0.5189999	0.3626653	0.4626134	0.3658525	0.4888633	0.404786	0.3665397	0.3609685	0.3296657	0.3631885	0.3422472	0.3594013	0.3018864	0.4362492	0.3638113	0.416449	0.4544453	0.4352441	0.4337465	0.4164108
G82	0.2445575	0.1907163	0.2779882	0.2069662	0.1632358	0.1540713	0.1293546	0.1191343	0.0997212	0.1674584	0.1851855	0.1697414	0.1556945	0.1842187	0.2596951	0.2655034	0.2171938	0.2613176	0.2784395	0.2564979	0.2100056
G83	0.6548595	0.7179314	0.7055047	0.6800477	0.6898872	0.7265525	0.5620077	0.6139783	0.5804092	0.678347	0.6673913	0.6134895	0.8196033	0.6869925	0.8310159	0.6010122	0.6517083	0.5198501	0.782186	0.5623518	0.7053804
G84	0.0350481	0.1924821	0.3143837	0.3100967	0.4953163	0.419038	0.3603632	0.2847619	0.2905562	0.3805946	0.3756639	0.1251595	0.0867861	0.0561737	0.0423557	0.0197511	0.0355915	0.0493252	0.0571292	0.024066	0.0417144
G85	0.4441025	0.3543287	0.3083677	0.2574568	0.2610646	0.3028885	0.274285	0.2427237	0.2610187	0.3241475	0.3118328	0.6103206	0.890265	0.618555	0.6200964	0.644412	0.4981789	0.6606794	0.6112249	0.5949136	0.4599836
G86	0.6200855	0.4498995	0.4162587	0.4400956	0.3643668	0.335166	0.3703474	0.4234709	0.4293816	0.3549804	0.4171214	0.5804158	0.5565845	0.6188114	0.5618933	0.71091	0.746868	0.6401726	0.6019594	0.6417698	0.5981241
G87	0.0635537	0.262612	0.4260205	0.5469378	0.654593	0.5631814	0.5676016	0.6384549	0.7664197	0.6131112	0.6670332	0.514801	0.5084932	0.5448947	0.6403797	0.6167729	0.4681182	0.4666572	0.3612294	0.111969	0.0612146
G88	0.5610524	0.7083444	0.6430716	0.6704363	0.7518139	0.7345364	0.6814065	0.6694102	0.6774634	0.679357	0.6616327	0.7025779	0.6915867	0.6185225	0.6904946	0.5890377	0.634481	0.5879414	0.6452184	0.6390384	0.5913345
G89	0.0333443	0.0270742	0.0523891	0.0329425	0.0398358	0.0521676	0.0350827	0.0645439	0.0592886	0.0499896	0.0846017	0.1669183	0.3055026	0.423746	0.5246534	0.4620639	0.4637148	0.4974762	0.4428889	0.4192822	0.5181833
G90	0.5948203	0.573871	0.6242104	0.5611969	0.5355655	0.3411766	0.160915	0.0662001	0.0830879	0.0521477	0.0744808	0.4026682	0.6649704	0.6927497	0.5659396	0.5712342	0.6366373	0.6967158	0.5921225	0.6662913	0.6731313
G91	0.6960759	0.6249815	0.6370194	0.6494032	0.7266246	0.5947036	0.6768887	0.6113711	0.5860036	0.5748344	0.7357988	0.6781635	0.6414133	0.5918787	0.6361196	0.6850582	0.5131469	0.5165377	0.5665393	0.6265365	0.6238716
G92	0.5567711	0.4303741	0.1956149	0.2197555	0.1929122	0.1207146	0.2137206	0.1888518	0.1667327	0.1616989	0.219539	0.4506915	0.6314537	0.607622	0.5981435	0.5657671	0.5145785	0.6876972	0.6373752	0.6193799	0.5242276
G93	0.038129	0.0460279	0.0544185	0.0932491	0.0573654	0.059791	0.0520744	0.0639399	0.0537021	0.0684378	0.0829419	0.0856302	0.1520746	0.1606048	0.1239594	0.106818	0.0696481	0.0889231	0.0859665	0.0607622	0.0615152
G94	0.5730656	0.4938189	0.5828095	0.542486	0.6320237	0.6257334	0.6245876	0.5121436	0.4733759	0.4070863	0.2909807	0.2827382	0.1787398	0.1620997	0.1938901	0.2786476	0.2540552	0.298268	0.3044152	0.4967001	0.5439072
G95	0.0824837	0.0981015	0.0984303	0.0560932	0.0354235	0.0288026	0.047141	0.0570746	0.0497147	0.0865674	0.0904038	0.1060998	0.1583292	0.2204439	0.1646894	0.1093094	0.09139	0.1071912	0.064515	0.1224747	0.0870884
G96	0.4931643	0.5972026	0.5680355	0.4985279	0.4896525	0.6232242	0.6084281	0.6142955	0.5719716	0.6902567	0.5069556	0.4821639	0.460752	0.3992804	0.4089801	0.5222475	0.4675403	0.6446898	0.6032854	0.5444125	0.5644959
G97	0.4717401	0.5852884	0.5728624	0.5372634	0.5915875	0.5699215	0.5423805	0.4122663	0.4894887	0.441369	0.4812817	0.6447597	0.4780071	0.7297225	0.5420486	0.5080255	0.3946336	0.453347	0.4628024	0.5745478	0.5923299
G98	0.6443392	0.6317755	0.714755	0.6958123	0.6737111	0.6490212	0.59762	0.6024649	0.6094351	0.5695211	0.6749897	0.5881952	0.5816813	0.6264434	0.6258388	0.6242148	0.5863644	0.6458278	0.5839271	0.748702	0.7217625
G99	0.0194475	0.0233111	0.01668	0.0161427	0.0168081	0.04576	0.0212037	0.0303554	0.0189127	0.0256601	0.0155107	0.0217369	0.0218984	0.0248326	0.0149741	0.0372782	0.028172	0.0283038	0.0229515	0.0233903	0.0056524
G100	0.5688489	0.4474182	0.6181256	0.5994476	0.540088	0.4376355	0.6015311	0.547312	0.6414961	0.5771796	0.6756815	0.599629	0.5361112	0.7323213	0.4566612	0.5724036	0.4754174	0.607051	0.594289	0.6889642	0.6449881
