ID	0	50	100	150	200
G1	0.8396094	0.6872653	0.5924297	0.5410159	0.3164594
G2	0.6604305	0.6448971	0.7063973	0.6288132	0.4953162
G3	0.5053606	0.363525	0.2193299	0.1171204	0.0936637
G4	0.1189134	0.1758945	0.1281061	0.2914947	0.4117774
G5	0.0352375	0.049305	0.0996286	0.062577	0.1890896
G6	0.0443375	0.0866095	0.0522393	0.0463337	0.0680516
G7	0.0361835	0.0266112	0.1153577	0.4009129	0.5365764
G8	0.5269756	0.1016911	0.0588285	0.0171637	0.0239576
G9	0.251199	0.2784697	0.5220974	0.5882246	0.7705534
G10	0.7486017	0.3131841	0.2349447	0.2459202	0.2397455
