ID	0	50	100	150	200
G1	0.7486909	0.704079	0.5994465	0.6807024	0.6634007
G2	0.7233217	0.5907299	0.6489979	0.6158338	0.7473214
G3	0.5474194	0.604124	0.5808105	0.4948787	0.4434911
G4	0.1287951	0.1258931	0.1359235	0.1402274	0.1179294
G5	0.0459942	0.023548	0.0486927	0.0726006	0.0523048
G6	0.0855342	0.3893785	0.5078794	0.4342329	0.4543103
G7	0.0185841	0.0296442	0.0280436	0.0307467	0.1054555
G8	0.5060053	0.4507541	0.2623196	0.1677509	0.1591228
G9	0.1203817	0.0681349	0.0297624	0.0551804	0.0547147
G10	0.6744237	0.6194901	0.7107903	0.7983632	0.6790366
