ID	0	50	100	150	200	250	300	350	400	450	500	550	600	650	700	750	800	850	900	950	1000
G1	0.7486909	0.704079	0.5994465	0.6807024	0.6634007	0.6395483	0.7034957	0.7673051	0.5923688	0.7041182	0.7603568	0.7989458	0.5603891	0.4243766	0.3995293	0.5764221	0.6527789	0.6216837	0.7191424	0.73278	0.6503801
G2	0.7233217	0.5907299	0.6489979	0.6158338	0.7473214	0.7192954	0.5579385	0.5801677	0.6371882	0.6962709	0.5184416	0.5970408	0.6283081	0.6127509	0.6634322	0.6137575	0.6393144	0.5996797	0.7195348	0.6773439	0.6423655
G3	0.5474194	0.604124	0.5808105	0.4948787	0.4434911	0.4688282	0.4956846	0.4765815	0.5518884	0.5224126	0.4904839	0.3813979	0.5145986	0.3824275	0.5139549	0.4858747	0.4292932	0.4645137	0.4028013	0.4053941	0.486899
G4	0.1287951	0.1258931	0.1359235	0.1402274	0.1179294	0.2248689	0.2135761	0.1426559	0.1394248	0.1402633	0.134721	0.1996787	0.1619354	0.2555649	0.2118807	0.1369272	0.1346418	0.2417352	0.1424278	0.1410077	0.1438462
G5	0.0459942	0.023548	0.0486927	0.0726006	0.0523048	0.0302937	0.0376142	0.0430978	0.0408289	0.0508607	0.0803537	0.0626515	0.1029486	0.0595879	0.0355816	0.0669572	0.0462359	0.0281811	0.0700227	0.0565989	0.0737611
G6	0.0855342	0.3893785	0.5078794	0.4342329	0.4543103	0.4528611	0.4711681	0.584485	0.4938015	0.551223	0.5849481	0.2204854	0.1038271	0.1435799	0.1019106	0.0616565	0.0731703	0.0669515	0.0633682	0.0626759	0.0534251
G7	0.0185841	0.0296442	0.0280436	0.0307467	0.1054555	0.1111474	0.0556751	0.0958112	0.0972429	0.2424539	0.1487571	0.101965	0.1532022	0.0445716	0.0431739	0.0313575	0.0370543	0.0343497	0.0133025	0.0132732	0.0154651
G8	0.5060053	0.4507541	0.2623196	0.1677509	0.1591228	0.135964	0.1424138	0.147843	0.1190366	0.155741	0.1312809	0.2012554	0.354556	0.4169506	0.5326386	0.4668063	0.5437899	0.4967864	0.5877937	0.5656351	0.7203515
G9	0.1203817	0.0681349	0.0297624	0.0551804	0.0547147	0.0920244	0.0758176	0.0784034	0.0764346	0.108772	0.055038	0.4522243	0.6815563	0.4910759	0.3241218	0.2564291	0.2101022	0.2119273	0.2557706	0.2304613	0.2283827
G10	0.6744237	0.6194901	0.7107903	0.7983632	0.6790366	0.5864934	0.9329508	0.831459	0.7131165	0.6851937	0.707305	0.6045179	0.6337247	0.6663403	0.5874736	0.6764213	0.700476	0.7758961	0.8082554	0.7165297	0.9404852
