ID	0	50	100	150	200	250	300	350	400	450	500	550	600	650	700	750	800	850	900	950	1000
G1	0.8396094	0.6872653	0.5924297	0.5410159	0.3164594	0.19887	0.2226087	0.1948528	0.2413553	0.1977449	0.2140426	0.1996716	0.189173	0.3212475	0.2542126	0.1707161	0.1885359	0.2594151	0.2941869	0.1752288	0.2368829
G2	0.6604305	0.6448971	0.7063973	0.6288132	0.4953162	0.4587908	0.3071169	0.2800397	0.2789238	0.2447755	0.2769031	0.2932163	0.3291841	0.4156824	0.4671011	0.2963102	0.5110976	0.4818306	0.5648216	0.4230195	0.6574972
G3	0.5053606	0.363525	0.2193299	0.1171204	0.0936637	0.0943112	0.0458077	0.0569693	0.0574876	0.1042191	0.0878167	0.0361746	0.2251707	0.3672087	0.3971839	0.4087823	0.4256034	0.514509	0.4193384	0.6278638	0.4144883
G4	0.1189134	0.1758945	0.1281061	0.2914947	0.4117774	0.5981852	0.621178	0.600442	0.5449998	0.6025479	0.678189	0.680429	0.729457	0.4041897	0.2046749	0.1671861	0.1737534	0.1148685	0.1933904	0.1460546	0.1599815
G5	0.0352375	0.049305	0.0996286	0.062577	0.1890896	0.4498015	0.6323616	0.6055373	0.7263455	0.6684394	0.5967365	0.7520348	0.58738	0.619167	0.3393695	0.1568314	0.1246303	0.1330679	0.0606811	0.0674464	0.0431344
G6	0.0443375	0.0866095	0.0522393	0.0463337	0.0680516	0.3814168	0.5292485	0.6795996	0.6708697	0.7234814	0.7165491	0.8852768	0.7070213	0.7768229	0.741075	0.7216973	0.6099163	0.5059167	0.2910781	0.1516438	0.0832606
G7	0.0361835	0.0266112	0.1153577	0.4009129	0.5365764	0.796885	0.6886153	0.744847	0.6873782	0.7660633	0.7017519	0.5932153	0.4290015	0.3300365	0.1918147	0.1279906	0.1542833	0.2218021	0.1810012	0.1044955	0.0591512
G8	0.5269756	0.1016911	0.0588285	0.0171637	0.0239576	0.0142807	0.0133793	0.0117709	0.0009981	0.0056397	0.0033398	0.0893901	0.1202935	0.1408433	0.1502125	0.1608155	0.1585673	0.1965922	0.2090872	0.2820552	0.4055863
G9	0.251199	0.2784697	0.5220974	0.5882246	0.7705534	0.7633775	0.7473196	0.7985521	0.6638145	0.6207817	0.7627135	0.6837912	0.5984669	0.6376225	0.7856574	0.7803932	0.7076104	0.53764	0.6221331	0.527387	0.476666
G10	0.7486017	0.3131841	0.2349447	0.2459202	0.2397455	0.214763	0.2469607	0.2302935	0.2253598	0.1719857	0.2000984	0.5603454	0.6985843	0.647166	0.7772003	0.6899571	0.7060129	0.7674529	0.6842898	0.8021232	0.788125
