ID	0	50	100	150	200
G1	0.7337627	0.792972	0.7718579	0.6560507	0.7629795
G2	0.6048295	0.5095489	0.6886984	0.6391251	0.5077966
G3	0.4643123	0.4111749	0.2754534	0.2472888	0.0887402
G4	0.1535654	0.1567122	0.1943695	0.210748	0.3960233
G5	0.0813993	0.208785	0.1843468	0.3205404	0.2353642
G6	0.0934484	0.248502	0.4190367	0.4756634	0.6338839
G7	0.0271784	0.0094205	0.0248736	0.0546455	0.1000086
G8	0.5002206	0.4291373	0.2603402	0.1728095	0.1795366
G9	0.1700318	0.1155608	0.1254005	0.192604	0.5869816
G10	0.6247322	0.3967793	0.3220576	0.3780545	0.4276217
