ID	0	50	100	150	200
G1	0.7092469	0.2279885	0.0801993	0.0076769	0.0046517
G2	0.5224476	0.8480507	0.7926468	0.5559337	0.6365198
G3	0.6308975	0.5616334	0.4793057	0.5055724	0.4290587
G4	0.1394379	0.1339598	0.1401007	0.1414032	0.144238
G5	0.0401847	0.195175	0.1725278	0.2251933	0.2037084
G6	0.0729688	0.0426242	0.1679281	0.2943288	0.4379994
G7	0.0202207	0.0199029	0.0143681	0.0158604	0.040876
G8	0.4621819	0.5920428	0.3962421	0.3550142	0.2613854
G9	0.2101934	0.1984816	0.1801327	0.1072519	0.1924393
G10	0.6554687	0.2171273	0.1219033	0.0779711	0.0654002
