ID	0	50	100	150	200
G1	0.8196661	0.6752079	0.6544522	0.5412243	0.3912231
G2	0.6258468	0.7594893	0.7675325	0.6165999	0.6013822
G3	0.4275544	0.4780051	0.309383	0.2363249	0.1306104
G4	0.1343295	0.1155197	0.1820262	0.1605546	0.398367
G5	0.0395386	0.0775133	0.0755614	0.0205437	0.053122
G6	0.0858597	0.0621555	0.0662428	0.0518276	0.0374083
G7	0.0153988	0.0336766	0.0672242	0.1175679	0.1605869
G8	0.5474253	0.1977621	0.1433478	0.1822476	0.1311502
G9	0.1421867	0.256455	0.3673358	0.4439044	0.7338921
G10	0.6622512	0.4557365	0.4125779	0.4008946	0.351023
