ID	0	50	100	150	200	250	300	350	400	450	500	550	600	650	700	750	800	850	900	950	1000
G1	0.7092469	0.2279885	0.0801993	0.0076769	0.0046517	0.0030494	0.0007902	0	0.0020354	0.0024292	0.0054129	0.1711558	0.2723419	0.2773261	0.3678225	0.3377845	0.5431204	0.682752	0.6940997	0.743857	0.77381
G2	0.5224476	0.8480507	0.7926468	0.5559337	0.6365198	0.7041884	0.6534565	0.6678519	0.6222983	0.5475092	0.663023	0.5167935	0.4934737	0.3875138	0.5297701	0.6483221	0.7401993	0.6474275	0.6469341	0.627269	0.8772177
G3	0.6308975	0.5616334	0.4793057	0.5055724	0.4290587	0.3878433	0.3570323	0.3983808	0.3293948	0.4522891	0.33898	0.1290566	0.2056737	0.3298308	0.3404658	0.4230574	0.4644329	0.4311327	0.5141009	0.5306476	0.4257496
G4	0.1394379	0.1339598	0.1401007	0.1414032	0.144238	0.2170082	0.1620024	0.2329352	0.1401137	0.2221978	0.1994935	0.238646	0.5124503	0.4279655	0.1706617	0.1996225	0.1661308	0.1678336	0.0979928	0.1580536	0.135219
G5	0.0401847	0.195175	0.1725278	0.2251933	0.2037084	0.1931549	0.1946324	0.2132886	0.2295281	0.2225955	0.2229585	0.0933586	0.1023341	0.0670788	0.0732647	0.0504563	0.0485749	0.0837323	0.0233627	0.0307731	0.044157
G6	0.0729688	0.0426242	0.1679281	0.2943288	0.4379994	0.5146696	0.572915	0.6265009	0.6487877	0.6771274	0.7105209	0.5384948	0.4604518	0.2533635	0.1152364	0.1003344	0.0717976	0.0827456	0.0619674	0.0724464	0.0625995
G7	0.0202207	0.0199029	0.0143681	0.0158604	0.040876	0.0399287	0.1067147	0.1203489	0.121491	0.1454972	0.0953964	0.171072	0.1020648	0.0829018	0.0545922	0.0376924	0.0420719	0.0142945	0.0623193	0.0195935	0.0144691
G8	0.4621819	0.5920428	0.3962421	0.3550142	0.2613854	0.1716148	0.1186897	0.1852291	0.135559	0.1402195	0.1054482	0.1654855	0.2401202	0.206907	0.3984684	0.4460689	0.4625482	0.4413539	0.4838791	0.5152918	0.6181626
G9	0.2101934	0.1984816	0.1801327	0.1072519	0.1924393	0.2518462	0.3888936	0.5708313	0.7595672	0.6721874	0.6875381	0.5893198	0.5552801	0.5457649	0.6677637	0.4224113	0.3306149	0.2239196	0.2545811	0.1926089	0.2807829
G10	0.6554687	0.2171273	0.1219033	0.0779711	0.0654002	0.0382168	0.0733433	0.0932096	0.0701113	0.0497246	0.0920467	0.6613765	0.62702	0.7794413	0.8008171	0.8041226	0.6930648	0.6972899	0.6615482	0.6548265	0.9060561
