ID	0	50	100	150	200	250	300	350	400	450	500	550	600	650	700	750	800	850	900	950	1000
G1	0.8196661	0.6752079	0.6544522	0.5412243	0.3912231	0.3439568	0.2632589	0.3250795	0.1978778	0.2119435	0.195472	0.286707	0.2832238	0.3752776	0.5271666	0.653531	0.6074678	0.5815066	0.5068927	0.5921736	0.6208871
G2	0.6258468	0.7594893	0.7675325	0.6165999	0.6013822	0.5281768	0.5180844	0.4493017	0.4476881	0.2971015	0.5425136	0.3552149	0.4564208	0.4965184	0.6396812	0.5377897	0.5711786	0.6249487	0.7673761	0.6562528	0.5848911
G3	0.4275544	0.4780051	0.309383	0.2363249	0.1306104	0.1474179	0.1371519	0.0957265	0.1143196	0.1237322	0.1428108	0.1570802	0.2875349	0.3812652	0.4141317	0.4360782	0.3980025	0.4771217	0.5780678	0.4605847	0.4098903
G4	0.1343295	0.1155197	0.1820262	0.1605546	0.398367	0.4793229	0.5620525	0.6096146	0.6056962	0.5448305	0.6195589	0.5198478	0.3389959	0.226195	0.1399552	0.2000445	0.1879024	0.186536	0.1568298	0.1879043	0.125535
G5	0.0395386	0.0775133	0.0755614	0.0205437	0.053122	0.0419726	0.042185	0.0644122	0.070581	0.0469943	0.0361319	0.0397012	0.0497244	0.0506497	0.0267939	0.0220214	0.0549372	0.0629813	0.0734124	0.0350396	0.0429783
G6	0.0858597	0.0621555	0.0662428	0.0518276	0.0374083	0.0916513	0.0671023	0.0887178	0.0514207	0.0579252	0.0497217	0.0533049	0.0339943	0.0509604	0.0700949	0.0349406	0.0273886	0.0436681	0.1178872	0.0772433	0.0440719
G7	0.0153988	0.0336766	0.0672242	0.1175679	0.1605869	0.1407663	0.1169966	0.0604705	0.1279238	0.1567792	0.1259602	0.0931174	0.0219816	0.0180718	0.0154161	0.0313183	0.0054047	0.0240279	0.005449	0.0180486	0.0404184
G8	0.5474253	0.1977621	0.1433478	0.1822476	0.1311502	0.2009994	0.2034098	0.2194704	0.1543746	0.1500386	0.1847967	0.5551999	0.5944062	0.6009838	0.533009	0.753603	0.5413572	0.6049338	0.6298151	0.5304989	0.6506816
G9	0.1421867	0.256455	0.3673358	0.4439044	0.7338921	0.7352499	0.5707911	0.6843876	0.6555086	0.6268837	0.6014439	0.639162	0.3910088	0.3289784	0.2860424	0.264675	0.3763676	0.2975716	0.2148692	0.4045765	0.3942687
G10	0.6622512	0.4557365	0.4125779	0.4008946	0.351023	0.3700809	0.404023	0.3550494	0.397817	0.3529273	0.4163339	0.7608275	0.6812163	0.6588147	0.8618668	0.6828334	0.6702343	0.7865679	0.70578	0.7562438	0.8640166
