ID	0	50	100	150	200	250	300	350	400	450	500	550	600	650	700	750	800	850	900	950	1000
G1	0.4529188	0.3191765	0.2408129	0.178038	0.0559173	0.0439041	0.0251211	0.0186547	0.0376923	0.1113273	0.1322001	0.2990591	0.4551745	0.4808928	0.3515979	0.4868095	0.4839723	0.3922516	0.4084956	0.372351	0.4174644
G2	0.2470749	0.2342905	0.1703767	0.3039248	0.4208334	0.5745513	0.5409222	0.5128028	0.7458682	0.6012423	0.6043122	0.4506295	0.3880499	0.1874548	0.1898988	0.2328724	0.2243898	0.2600132	0.1920631	0.2258812	0.3007012
G3	0.8303511	0.6908827	0.6240849	0.7077233	0.4967928	0.367513	0.3042809	0.326374	0.2884501	0.3081785	0.2605071	0.2361399	0.2503408	0.3168531	0.4391767	0.5093516	0.6396115	0.645663	0.8074687	0.5256759	0.5692324
G4	0.2197697	0.0821645	0.0327824	0.0182201	0.0070298	0.0325388	0.0088394	0.0473812	0.0403934	0.0979551	0.0345343	0.2142348	0.2683611	0.3269927	0.2300725	0.2483343	0.1164075	0.1617238	0.1448646	0.167865	0.190347
G5	0.8022241	0.6672122	0.7021169	0.6451238	0.7694652	0.7941186	0.7711948	0.6859046	0.694522	0.6831531	0.6699017	0.6113168	0.7587702	0.5740633	0.6549008	0.7483145	0.8313	0.6900818	0.6979674	0.6670504	0.727329
G6	0.7625045	0.6137609	0.6351839	0.771675	0.7519623	0.8525394	0.7677796	0.9896109	0.7167575	0.7486278	0.6750551	0.6557903	0.703132	0.7035014	0.8032748	0.6979611	0.6718706	0.6490364	0.7476143	0.7039242	0.7470156
G7	0.281547	0.2399664	0.367818	0.414596	0.3950377	0.4022179	0.3683329	0.325786	0.2624573	0.3443267	0.3188395	0.3800848	0.2659151	0.3657415	0.3192404	0.2602806	0.3888028	0.2836286	0.3780398	0.3049996	0.3295154
G8	0.7561238	0.7445141	0.8206914	0.6578078	0.6089122	0.6208666	0.6269466	0.7703814	0.7117851	0.6687516	0.8229415	0.7274796	0.6628218	0.7072163	0.698686	0.9350571	0.68444	0.7730369	0.7009043	0.7489774	0.7117071
G9	0.54359	0.6316647	0.6998272	0.7326197	0.5421569	0.5536478	0.5506373	0.7584403	0.4950272	0.3952342	0.37231	0.4154346	0.4994851	0.5859939	0.5996159	0.633942	0.5510709	0.6043066	0.6243863	0.6094389	0.545945
G10	0.6782432	0.6514474	0.6408644	0.63147	0.7208959	0.6921294	0.7148951	0.8464993	0.7337229	0.7012124	0.6615105	0.7680971	0.7585956	0.7380463	0.6446329	0.7273649	0.8586479	0.8456395	0.7304428	0.6961066	0.5858316
