ID	0	50	100	150	200
G1	0.4913996	0.4297752	0.2939082	0.2744186	0.1263209
G2	0.2186024	0.1677699	0.2841127	0.2160433	0.3051428
G3	0.6538864	0.596652	0.5424731	0.4715707	0.3341686
G4	0.1526989	0.0416342	0.0459027	0.0185993	0.0125383
G5	0.6485774	0.6039504	0.7568456	0.6648747	0.9438756
G6	0.6781371	0.6077658	0.6931408	0.7206552	0.5733686
G7	0.3993288	0.450706	0.5485288	0.4191227	0.404818
G8	0.6322062	0.1899539	0.1369477	0.0807017	0.0901048
G9	0.6069166	0.701488	0.5299586	0.7147256	0.5577913
G10	0.5902376	0.3709204	0.3454509	0.3935393	0.3359286
