ID	0	50	100	150	200	250	300	350	400	450	500	550	600	650	700	750	800	850	900	950	1000
G1	0.4151348	0.5281139	0.3467826	0.265212	0.2325836	0.1362952	0.1245063	0.1587573	0.23535	0.3936893	0.4078998	0.4912423	0.5286018	0.4490403	0.6073746	0.4312284	0.4909873	0.4544382	0.4887428	0.4740169	0.5000823
G2	0.2426412	0.1778012	0.2106228	0.2014438	0.2521113	0.4799127	0.5303283	0.4894392	0.519263	0.3753841	0.2601416	0.2733835	0.2200359	0.165078	0.2147327	0.183024	0.1829535	0.352864	0.3040377	0.1796117	0.2434314
G3	0.5905161	0.6638259	0.6521635	0.6615569	0.6333766	0.6200324	0.4347613	0.3768063	0.2624266	0.2870626	0.2731837	0.4822447	0.5713415	0.6206254	0.6692485	0.6871669	0.7381476	0.5371877	0.6307753	0.7095396	0.6775005
G4	0.1807197	0.0611375	0.052134	0.0320968	0.0136031	0.0116919	0.0095078	0.0373973	0.0506532	0.0762872	0.0957119	0.1978531	0.1986323	0.1818616	0.150494	0.162957	0.2613967	0.1606453	0.2282703	0.2521159	0.179505
G5	0.6462534	0.4351952	0.2948744	0.3218315	0.2593776	0.2010866	0.2790267	0.1377808	0.2044003	0.1982441	0.2190863	0.6018403	0.6504698	0.6510893	0.6015151	0.8109014	0.4959364	0.6393336	0.6016739	0.6393798	0.6268072
G6	0.8137043	0.6767686	0.6623439	0.8072659	0.7100938	0.7019782	0.7582201	0.6249998	0.7109034	0.6715697	0.6061802	0.609175	0.6440218	0.7397037	0.6185968	0.7072068	0.5809141	0.7483261	0.7792931	0.7375304	0.7133249
G7	0.3258624	0.3797357	0.3318577	0.288313	0.3721221	0.3029258	0.4224045	0.3311256	0.3326612	0.3233936	0.2861542	0.2617139	0.3946725	0.3633543	0.2964967	0.3464998	0.2647255	0.3425543	0.4029617	0.4048745	0.2939547
G8	0.7356919	0.6984554	0.7992966	0.7545094	0.6824266	0.6889579	0.8368971	0.6359177	0.6746246	0.6412875	0.6886355	0.6900639	0.6820067	0.730575	0.6769372	0.5656413	0.7297857	0.6939279	0.7244836	0.7924089	0.6909824
G9	0.5985757	0.689771	0.6167089	0.629235	0.6500131	0.616387	0.4706717	0.5144478	0.6062352	0.5077337	0.659161	0.4858964	0.685407	0.6117577	0.7023789	0.6190027	0.6630505	0.6281442	0.6980404	0.5536241	0.6046383
G10	0.730415	0.7169565	0.8776432	0.7870751	0.602865	0.660924	0.7267452	0.7918199	0.836012	0.7328603	0.7358511	0.6722173	0.6079608	0.6509562	0.7031621	0.6591297	0.6886034	0.6326127	0.5462572	0.6773773	0.7255624
