ID	0	50	100	150	200	250	300	350	400	450	500	550	600	650	700	750	800	850	900	950	1000
G1	0.4913996	0.4297752	0.2939082	0.2744186	0.1263209	0.0843069	0.1129699	0.3647743	0.2704143	0.3719144	0.3061963	0.3152368	0.5317285	0.490326	0.5657734	0.4503197	0.5377686	0.4813819	0.3890599	0.4560226	0.4415159
G2	0.2186024	0.1677699	0.2841127	0.2160433	0.3051428	0.477566	0.4718423	0.4842107	0.3450436	0.3358139	0.2481532	0.2642055	0.2548244	0.1964693	0.242624	0.1496878	0.2315992	0.2653887	0.2005018	0.2110559	0.2218596
G3	0.6538864	0.596652	0.5424731	0.4715707	0.3341686	0.2269453	0.107068	0.0334237	0.021314	0.0603098	0.0616657	0.1178222	0.4483674	0.4250924	0.6775103	0.7301661	0.7229181	0.8309295	0.6328837	0.7732959	0.568279
G4	0.1526989	0.0416342	0.0459027	0.0185993	0.0125383	0.0106738	0.0480629	0.1434236	0.1896715	0.1538614	0.161605	0.3239842	0.347876	0.2990039	0.2706779	0.2133087	0.1929508	0.1626696	0.1704934	0.1492258	0.1799927
G5	0.6485774	0.6039504	0.7568456	0.6648747	0.9438756	0.7348969	0.8071228	0.5844739	0.6943054	0.634376	0.7137759	0.6176897	0.7504321	0.6274519	0.6477081	0.7986493	0.6775026	0.6744717	0.7603578	0.8100552	0.6607936
G6	0.6781371	0.6077658	0.6931408	0.7206552	0.5733686	0.6532356	0.7197277	0.6232546	0.614285	0.6307064	0.6872229	0.6434028	0.6552486	0.8249595	0.7360037	0.7627743	0.6013558	0.6589181	0.7650164	0.6814766	0.7993019
G7	0.3993288	0.450706	0.5485288	0.4191227	0.404818	0.4021574	0.3879869	0.3649183	0.3874153	0.3317178	0.4581148	0.1438364	0.2135935	0.2340862	0.2558514	0.2553226	0.3939014	0.3256386	0.2839382	0.4257877	0.329285
G8	0.6322062	0.1899539	0.1369477	0.0807017	0.0901048	0.0809343	0.0965888	0.0934378	0.0874391	0.0810491	0.0876817	0.6471502	0.6993472	0.7218518	0.6717318	0.8355873	0.6228192	0.5707512	0.744501	0.7697899	0.7274209
G9	0.6069166	0.701488	0.5299586	0.7147256	0.5577913	0.5015089	0.3876723	0.5102852	0.3939002	0.4043584	0.4039936	0.5431759	0.6186351	0.5825071	0.8964608	0.5546085	0.7273523	0.6083497	0.6949433	0.6941771	0.6086672
G10	0.5902376	0.3709204	0.3454509	0.3935393	0.3359286	0.3789018	0.2672692	0.2920532	0.2820745	0.2517695	0.2683819	0.5306211	0.7342137	0.6437662	0.731575	0.709475	0.6334023	0.6459902	0.7639971	0.6702099	0.6736653
