ID	0	50	100	150	200	250	300	350	400	450	500	550	600	650	700	750	800	850	900	950	1000
G1	0.5568788	0.5007082	0.312733	0.2382932	0.2216376	0.1911387	0.1876877	0.2244655	0.2225755	0.2463636	0.1622335	0.3137026	0.2621726	0.367681	0.4993344	0.4735518	0.4289648	0.3934894	0.401853	0.4706917	0.470222
G2	0.1973301	0.2041471	0.1749173	0.1840543	0.3557997	0.3810351	0.2831729	0.4274036	0.3983158	0.332727	0.3846006	0.4426475	0.3543982	0.3428779	0.2402609	0.1899832	0.2212891	0.2486218	0.1652638	0.1698679	0.1810093
G3	0.5808522	0.7565567	0.6533051	0.6853276	0.6507278	0.6255807	0.4043372	0.3025806	0.304199	0.3103866	0.3430636	0.3343763	0.3628664	0.3452737	0.3348866	0.4043743	0.481758	0.6491355	0.6389594	0.6684469	0.66307
G4	0.1695934	0.2222128	0.1877717	0.1907228	0.1797856	0.189662	0.1881315	0.1834697	0.206353	0.274958	0.2550671	0.1784419	0.3027507	0.2045224	0.2352383	0.2645962	0.2767962	0.1541504	0.1481184	0.1797866	0.1372357
G5	0.531392	0.6560918	0.6870135	0.5947335	0.735777	0.6146096	0.757048	0.6495655	0.5965857	0.6857454	0.7479303	0.7604452	0.8575825	0.6639521	0.6829017	0.6414847	0.7403943	0.7847431	0.6945364	0.6997535	0.5810575
G6	0.6234423	0.6782639	0.705355	0.6390386	0.6087151	0.731615	0.6513437	0.6247004	0.6368261	0.6369196	0.6921072	0.5917012	0.9118947	0.7271628	0.7069216	0.7882426	0.7256734	0.7589715	0.8041784	0.7231471	0.6728514
G7	0.3903011	0.5528566	0.6919269	0.5994127	0.6394595	0.6278026	0.7941289	0.6275151	0.6714059	0.7263207	0.6996017	0.4369108	0.3190161	0.2515962	0.3316266	0.2915546	0.4054083	0.3112893	0.3233163	0.3579273	0.2591944
G8	0.7394766	0.6192178	0.6091063	0.7157248	0.6690893	0.7875952	0.6964367	0.7183012	0.730288	0.6464433	0.6573981	0.8816965	0.7466133	0.71567	0.6200168	0.6970678	0.6901789	0.6619251	0.7484189	0.696249	0.6851861
G9	0.6905378	0.763381	0.6600078	0.6802115	0.6937546	0.7333815	0.6919134	0.5836529	0.4793615	0.5393516	0.6675667	0.5449214	0.5237627	0.6265107	0.636694	0.7477011	0.6350313	0.6741593	0.706056	0.7381237	0.6811684
G10	0.6753579	0.9124005	0.5544402	0.5867277	0.7299626	0.6722257	0.757457	0.657014	0.6548199	0.7034878	0.7192334	0.7208175	0.7811166	0.6992968	0.7257102	0.6598661	0.7670523	0.6314761	0.7710218	0.5656676	0.6806656
