ID	0	50	100	150	200
G1	0.4529188	0.3191765	0.2408129	0.178038	0.0559173
G2	0.2470749	0.2342905	0.1703767	0.3039248	0.4208334
G3	0.8303511	0.6908827	0.6240849	0.7077233	0.4967928
G4	0.2197697	0.0821645	0.0327824	0.0182201	0.0070298
G5	0.8022241	0.6672122	0.7021169	0.6451238	0.7694652
G6	0.7625045	0.6137609	0.6351839	0.771675	0.7519623
G7	0.281547	0.2399664	0.367818	0.414596	0.3950377
G8	0.7561238	0.7445141	0.8206914	0.6578078	0.6089122
G9	0.54359	0.6316647	0.6998272	0.7326197	0.5421569
G10	0.6782432	0.6514474	0.6408644	0.63147	0.7208959
