ID	0	50	100	150	200
G1	0.5568788	0.5007082	0.312733	0.2382932	0.2216376
G2	0.1973301	0.2041471	0.1749173	0.1840543	0.3557997
G3	0.5808522	0.7565567	0.6533051	0.6853276	0.6507278
G4	0.1695934	0.2222128	0.1877717	0.1907228	0.1797856
G5	0.531392	0.6560918	0.6870135	0.5947335	0.735777
G6	0.6234423	0.6782639	0.705355	0.6390386	0.6087151
G7	0.3903011	0.5528566	0.6919269	0.5994127	0.6394595
G8	0.7394766	0.6192178	0.6091063	0.7157248	0.6690893
G9	0.6905378	0.763381	0.6600078	0.6802115	0.6937546
G10	0.6753579	0.9124005	0.5544402	0.5867277	0.7299626
