ID	0	50	100	150	200	250	300	350	400	450	500	550	600	650	700	750	800	850	900	950	1000
G1	0.4078953	0.3577595	0.5531377	0.5092814	0.5864564	0.498666	0.6851216	0.7404243	0.6399301	0.5503516	0.6816826	0.797985	0.7054637	0.5529081	0.4619332	0.4981211	0.5070944	0.4483142	0.5411319	0.5425137	0.6819136
G2	0.2185342	0.1757856	0.154923	0.209009	0.215498	0.1439892	0.1369804	0.1591517	0.191077	0.1621	0.171913	0.1684443	0.1621664	0.1634749	0.1342342	0.1668163	0.2005844	0.1816097	0.1948401	0.1631917	0.1564015
G3	0.7063299	0.5642894	0.6525948	0.3688447	0.3132494	0.2277368	0.223282	0.3089136	0.412405	0.3578462	0.2433661	0.3180639	0.4950608	0.4531738	0.780616	0.7419319	0.6627133	0.7609853	0.5844153	0.6459106	0.6805011
G4	0.1863636	0.1761359	0.1716281	0.1903398	0.2086369	0.2324963	0.2020476	0.2563368	0.225195	0.2133208	0.2463323	0.2444862	0.1600044	0.282895	0.1798195	0.237193	0.1829414	0.1012029	0.1839918	0.1322311	0.1569644
G5	0.6499406	0.5798168	0.5519256	0.489205	0.4726004	0.5172881	0.4476192	0.5757848	0.5196877	0.6143257	0.5160031	0.581385	0.695904	0.6906824	0.7606458	0.7223653	0.7311406	0.630713	0.8005798	0.7989958	0.7266528
G6	0.6578917	0.8335105	0.7744013	0.7239408	0.6879765	0.6165494	0.6275918	0.5844128	0.5712541	0.5409844	0.5323649	0.5149592	0.6911988	0.6894662	0.6954214	0.7462199	0.6965763	0.5975349	0.6847374	0.7476753	0.6919485
G7	0.3466128	0.2975041	0.2241624	0.148895	0.1454351	0.0654906	0.060973	0.0948123	0.044192	0.056547	0.0786067	0.1255303	0.3110485	0.2423115	0.363212	0.3497454	0.2733472	0.3177007	0.3879303	0.2792495	0.3815922
G8	0.8576961	0.2149529	0.0810286	0.0265867	0.0375948	0.0282403	0.0269157	0.0370629	0.0672074	0.0338639	0.0236519	0.5957651	0.7248182	0.6702528	0.6434957	0.6684966	0.6809886	0.8437503	0.6730306	0.7202696	0.7384673
G9	0.7811452	0.5984654	0.6502929	0.7099093	0.6205225	0.7952763	0.6668893	0.7428034	0.6155896	0.6593598	0.7084438	0.5689632	0.6277049	0.6821383	0.8993064	0.6135085	0.6526455	0.6486631	0.6140042	0.549744	0.7184888
G10	0.7189921	0.6966484	0.6162392	0.6915596	0.7600159	0.6605468	0.6340938	0.7049661	0.5863873	0.7121911	0.7353064	0.6338112	0.7695725	0.5650448	0.7504237	0.6918944	0.7174308	0.6815456	0.8026293	0.6928651	0.6645195
