ID	0	50	100	150	200
G1	0.4151348	0.5281139	0.3467826	0.265212	0.2325836
G2	0.2426412	0.1778012	0.2106228	0.2014438	0.2521113
G3	0.5905161	0.6638259	0.6521635	0.6615569	0.6333766
G4	0.1807197	0.0611375	0.052134	0.0320968	0.0136031
G5	0.6462534	0.4351952	0.2948744	0.3218315	0.2593776
G6	0.8137043	0.6767686	0.6623439	0.8072659	0.7100938
G7	0.3258624	0.3797357	0.3318577	0.288313	0.3721221
G8	0.7356919	0.6984554	0.7992966	0.7545094	0.6824266
G9	0.5985757	0.689771	0.6167089	0.629235	0.6500131
G10	0.730415	0.7169565	0.8776432	0.7870751	0.602865
