ID	0	50	100	150	200
G1	0.4078953	0.3577595	0.5531377	0.5092814	0.5864564
G2	0.2185342	0.1757856	0.154923	0.209009	0.215498
G3	0.7063299	0.5642894	0.6525948	0.3688447	0.3132494
G4	0.1863636	0.1761359	0.1716281	0.1903398	0.2086369
G5	0.6499406	0.5798168	0.5519256	0.489205	0.4726004
G6	0.6578917	0.8335105	0.7744013	0.7239408	0.6879765
G7	0.3466128	0.2975041	0.2241624	0.148895	0.1454351
G8	0.8576961	0.2149529	0.0810286	0.0265867	0.0375948
G9	0.7811452	0.5984654	0.6502929	0.7099093	0.6205225
G10	0.7189921	0.6966484	0.6162392	0.6915596	0.7600159
