ID	0	50	100	150	200	250	300	350	400	450	500	550	600	650	700	750	800	850	900	950	1000
G1	0.4020655	0.4363248	0.5828226	0.6472253	0.6362089	0.6022782	0.6640869	0.6082777	0.694922	0.5554758	0.6427312	0.7209177	0.6811499	0.5057724	0.4758828	0.3295142	0.2799174	0.4496409	0.571716	0.3877785	0.455375
G2	0.1818982	0.4364323	0.5233391	0.6454854	0.5814366	0.5196272	0.5466201	0.7454475	0.6393925	0.6271707	0.639989	0.3935922	0.3072718	0.320069	0.3504601	0.4000239	0.3567722	0.3463174	0.3304	0.2983178	0.337162
G3	0.6189904	0.5115797	0.4819272	0.5107856	0.4733529	0.4462199	0.472414	0.4626535	0.4377361	0.4323363	0.3751413	0.2971343	0.4542771	0.4902672	0.4490175	0.4233258	0.4578248	0.4825112	0.5422595	0.4800826	0.5122658
G4	0.5217162	0.4931074	0.4526215	0.4962337	0.4302699	0.3760071	0.3441481	0.384947	0.3608998	0.2593039	0.288251	0.3559519	0.3337868	0.3732963	0.5230997	0.5132245	0.4706359	0.5488616	0.682364	0.5200443	0.6288586
G5	0.4907231	0.5003681	0.4978291	0.4083757	0.6299167	0.5568129	0.6189872	0.5323968	0.5494333	0.5337823	0.6600863	0.6559882	0.5134281	0.6068543	0.5385776	0.6039315	0.5911219	0.6686194	0.6660581	0.5825919	0.4563972
G6	0.2905775	0.2749598	0.1448605	0.1917342	0.1826084	0.1847347	0.1333799	0.1684435	0.1807243	0.139825	0.1610797	0.1435763	0.1728621	0.1610699	0.2162442	0.2789384	0.1785243	0.2328851	0.1885172	0.263764	0.2798345
G7	0.1509204	0.1640983	0.1015871	0.0491273	0.0729222	0.1195612	0.1056122	0.1185463	0.1433115	0.0836002	0.0683721	0.0673398	0.1486704	0.2126799	0.2289655	0.2524047	0.1855295	0.1574845	0.193527	0.185037	0.3016499
G8	0.6901824	0.6480961	0.597029	0.3936219	0.255073	0.2460792	0.2576001	0.3332697	0.3101953	0.3174771	0.2588839	0.1771854	0.383553	0.4128781	0.5734423	0.6674105	0.6880692	0.682288	0.6272281	0.6834992	0.548101
G9	0.6501443	0.795732	0.6764022	0.6647488	0.6578963	0.6638962	0.8637592	0.8719448	0.6377243	0.5832099	0.6815485	0.7487243	0.7432864	0.8034022	0.6037372	0.6157359	0.6823212	0.7425262	0.6415955	0.7856939	0.6896785
G10	0.6842189	0.3211695	0.1299197	0.233528	0.1916066	0.2069549	0.153524	0.1613596	0.1392038	0.1652428	0.2651667	0.4918322	0.7008279	0.7195646	0.6801855	0.694597	0.8389318	0.6488367	0.7877264	0.7201087	0.7397151
