ID	0	50	100	150	200	250	300	350	400	450	500	550	600	650	700	750	800	850	900	950	1000
G1	0.3753814	0.4128723	0.4666095	0.2536035	0.2208255	0.1731898	0.0839269	0.0819336	0.1383715	0.1406981	0.1040662	0.1482449	0.1580255	0.2471858	0.2083761	0.3248987	0.3762784	0.3493271	0.34959	0.2598805	0.3292579
G2	0.2731395	0.410826	0.4511078	0.3785132	0.4589335	0.5363456	0.4867287	0.5344316	0.5342045	0.5613535	0.5214053	0.3295195	0.2224649	0.2481481	0.3157673	0.2991065	0.4269386	0.3421725	0.3300094	0.3781386	0.3737563
G3	0.4924589	0.6834427	0.8026225	0.8302501	0.561723	0.5986892	0.6951766	0.755851	0.7234956	0.6935609	0.6075969	0.2524939	0.2838245	0.3760222	0.4503585	0.4953523	0.5664334	0.4019056	0.4646423	0.4413683	0.5007463
G4	0.5504108	0.5153228	0.5260445	0.4069169	0.4209566	0.4269356	0.4348759	0.3719602	0.4331448	0.3229258	0.3770614	0.497608	0.5202097	0.6384507	0.6079688	0.5928709	0.5446926	0.6669623	0.6175802	0.4658781	0.5620513
G5	0.5528336	0.6676991	0.5010313	0.3619933	0.2772999	0.3059434	0.4166579	0.3569144	0.3410077	0.3062343	0.2653602	0.4016352	0.5149204	0.5986994	0.6165069	0.7173052	0.7188406	0.6155268	0.6294141	0.6778898	0.6798557
G6	0.2497045	0.0547135	0.0049656	0.0018238	0.0050604	0	0.0008128	0.0021149	0.0045912	0.0024807	0.0097834	0.217514	0.2065279	0.2447022	0.2497602	0.2021067	0.2682669	0.2694023	0.1984135	0.2826555	0.2811664
G7	0.2031089	0.2605451	0.3382582	0.5213052	0.4980194	0.4779268	0.5533641	0.5454638	0.5492718	0.5879963	0.4723995	0.381806	0.2864829	0.3083637	0.2064386	0.1758729	0.2531306	0.2320185	0.1866882	0.1871052	0.2795934
G8	0.7187899	0.6719379	0.7039131	0.6761976	0.6846213	0.668218	0.6279706	0.7784196	0.7321419	0.6510095	0.7384869	0.6248151	0.5971917	0.5965408	0.6831261	0.6868844	0.6466288	0.6536692	0.6614563	0.740694	0.7256188
G9	0.7414678	0.7244312	0.6302155	0.7067202	0.7359912	0.8438427	0.704918	0.5931118	0.7157909	0.7429989	0.6727628	0.7077697	0.8499153	0.7094135	0.5833323	0.7290777	0.6489941	0.8482687	0.8341271	0.8412317	0.6658837
G10	0.6080243	0.7441951	0.7165135	0.6283813	0.7347127	0.754845	0.7643248	0.6625452	0.7154377	0.9195539	0.8974874	0.7103603	0.6488469	0.7529024	0.7092157	0.7777224	0.7497142	0.509219	0.738934	0.7838473	0.7534587
