ID	0	50	100	150	200
G1	0.4622768	0.39173	0.3381173	0.3917937	0.5015985
G2	0.2739902	0.2667275	0.3391996	0.3249506	0.4161926
G3	0.5049955	0.5050707	0.4047053	0.3693871	0.2320298
G4	0.6249459	0.4744217	0.4764002	0.5983055	0.5028434
G5	0.5980661	0.4445317	0.4995945	0.5968445	0.5502551
G6	0.2090449	0.1085587	0.0440034	0.1184832	0.0607406
G7	0.2192776	0.2144239	0.1774869	0.2435374	0.2384169
G8	0.6377902	0.6511738	0.7384922	0.5978243	0.6504466
G9	0.5971471	0.6236274	0.7835681	0.6952587	0.7701659
G10	0.5649679	0.2355631	0.0833484	0.0403769	0.0595733
