ID	0	50	100	150	200	250	300	350	400	450	500	550	600	650	700	750	800	850	900	950	1000
G1	0.4581611	0.3749804	0.4217418	0.336643	0.2499014	0.2737234	0.3325111	0.2122354	0.1498301	0.2451247	0.1701566	0.1086425	0.1909836	0.1836008	0.2205513	0.3259909	0.3083667	0.3643856	0.3780011	0.3038731	0.3204307
G2	0.2257035	0.1721153	0.2384267	0.2992705	0.3582564	0.4352257	0.4282875	0.4921822	0.4574921	0.5030642	0.5530817	0.4626247	0.3918228	0.4716362	0.5283563	0.403202	0.3713634	0.3314487	0.3031741	0.3467816	0.4023279
G3	0.5626084	0.3779921	0.3972574	0.3740627	0.3941415	0.2725459	0.3225791	0.2389849	0.2301799	0.1774251	0.198474	0.217479	0.3880867	0.3491348	0.4071833	0.384565	0.3793938	0.3834731	0.4258793	0.4046684	0.4886274
G4	0.5234461	0.3989029	0.5146982	0.5049794	0.4978376	0.5161045	0.4419823	0.6026499	0.6688797	0.4694016	0.6564297	0.5202765	0.5220788	0.537482	0.5485259	0.634091	0.5282505	0.5992643	0.5594313	0.5530428	0.4825685
G5	0.4962692	0.4138714	0.4189727	0.5962357	0.6006902	0.4959349	0.5796291	0.722454	0.7690576	0.6797393	0.6200624	0.686967	0.7381672	0.7540388	0.6729827	0.7063365	0.5062751	0.6167971	0.5836278	0.6355353	0.7114
G6	0.3031174	0.1349825	0.0893447	0.0909483	0.1002908	0.0883061	0.1042859	0.0801769	0.0294109	0.0170679	0.0579434	0.1380456	0.1903453	0.1410568	0.2159573	0.1807786	0.1494583	0.1835932	0.2000035	0.2463763	0.1695935
G7	0.229757	0.2571892	0.227383	0.2299888	0.2538753	0.381723	0.3229573	0.3879428	0.3922417	0.4389081	0.5170096	0.4354429	0.3714182	0.2478276	0.2313885	0.2902479	0.186049	0.2234273	0.1898287	0.2271572	0.2147251
G8	0.6937642	0.6084279	0.6244499	0.672415	0.6930115	0.6135368	0.768153	0.6951728	0.5447963	0.6046885	0.6446692	0.7599951	0.7588362	0.7727969	0.818096	0.7499797	0.7989865	0.5304807	0.7054883	0.6526798	0.7761787
G9	0.7460558	0.7336594	0.7659092	0.7115874	0.7071899	0.6027426	0.7497043	0.5696459	0.6707433	0.7396351	0.7463829	0.7368369	0.7034884	0.8335992	0.7380908	0.7315655	0.6865393	0.7531501	0.6671898	0.5798259	0.6494364
G10	0.6489106	0.5937868	0.6869227	0.7537252	0.6633972	0.7013935	0.6814064	0.6763535	0.708869	0.7300632	0.5746864	0.7024002	0.6360046	0.671871	0.6705129	0.7873828	0.6934347	0.6597792	0.7317269	0.7199275	0.7639298
