ID	0	50	100	150	200	250	300	350	400	450	500	550	600	650	700	750	800	850	900	950	1000
G1	0.4622768	0.39173	0.3381173	0.3917937	0.5015985	0.3461782	0.3599945	0.3496215	0.396905	0.3631305	0.3139469	0.3176896	0.2775773	0.3415106	0.3215824	0.3628697	0.4539075	0.3326342	0.2950343	0.3866577	0.3795422
G2	0.2739902	0.2667275	0.3391996	0.3249506	0.4161926	0.4715159	0.5617206	0.571932	0.6267968	0.5449865	0.5754393	0.5533341	0.5390372	0.5323634	0.4358656	0.3821083	0.5263671	0.4640227	0.3605294	0.3092494	0.3172896
G3	0.5049955	0.5050707	0.4047053	0.3693871	0.2320298	0.2626559	0.2072139	0.2292481	0.1904602	0.116282	0.0973208	0.1543823	0.2397729	0.3521119	0.3302148	0.3419698	0.4563644	0.4073395	0.3781474	0.480779	0.5527289
G4	0.6249459	0.4744217	0.4764002	0.5983055	0.5028434	0.5798283	0.3796762	0.6265456	0.5306555	0.4922938	0.6399764	0.6072403	0.5623406	0.5853218	0.5298032	0.63127	0.4650163	0.5377108	0.5273168	0.5225298	0.5469508
G5	0.5980661	0.4445317	0.4995945	0.5968445	0.5502551	0.5436646	0.609809	0.6983064	0.6397052	0.6621243	0.7845733	0.6890868	0.7910078	0.7917597	0.5817015	0.7618947	0.8306083	0.5569501	0.7527701	0.6549243	0.5011731
G6	0.2090449	0.1085587	0.0440034	0.1184832	0.0607406	0.106482	0.0997197	0.0168772	0.0312366	0.0170739	0.0172957	0.1381619	0.2286686	0.2073935	0.2543697	0.1767671	0.1406848	0.1837112	0.3376283	0.2105299	0.1652408
G7	0.2192776	0.2144239	0.1774869	0.2435374	0.2384169	0.1596687	0.2197562	0.2248515	0.2961576	0.2475676	0.2697793	0.2455261	0.225128	0.2006727	0.1482648	0.2099795	0.3137276	0.2163986	0.3034038	0.2486793	0.2428173
G8	0.6377902	0.6511738	0.7384922	0.5978243	0.6504466	0.6592695	0.7405029	0.7556657	0.6560485	0.7967832	0.6521313	0.7693894	0.934878	0.7701258	0.9323727	0.6740742	0.6891096	0.7007968	0.662131	0.6631811	0.5530976
G9	0.5971471	0.6236274	0.7835681	0.6952587	0.7701659	0.7296266	0.6910795	0.8214512	0.9165796	0.6698806	0.5648576	0.8387348	0.6545315	0.7454259	0.5879291	0.7277143	0.9006821	0.8086392	0.6025562	0.6292445	0.7751473
G10	0.5649679	0.2355631	0.0833484	0.0403769	0.0595733	0.0607981	0.0444378	0.0676567	0.044065	0.065679	0.0786705	0.5432584	0.6569043	0.6581175	0.6016777	0.6278609	0.7225885	0.7315596	0.742226	0.7648059	0.7161819
