ID	0	50	100	150	200
G1	0.3753814	0.4128723	0.4666095	0.2536035	0.2208255
G2	0.2731395	0.410826	0.4511078	0.3785132	0.4589335
G3	0.4924589	0.6834427	0.8026225	0.8302501	0.561723
G4	0.5504108	0.5153228	0.5260445	0.4069169	0.4209566
G5	0.5528336	0.6676991	0.5010313	0.3619933	0.2772999
G6	0.2497045	0.0547135	0.0049656	0.0018238	0.0050604
G7	0.2031089	0.2605451	0.3382582	0.5213052	0.4980194
G8	0.7187899	0.6719379	0.7039131	0.6761976	0.6846213
G9	0.7414678	0.7244312	0.6302155	0.7067202	0.7359912
G10	0.6080243	0.7441951	0.7165135	0.6283813	0.7347127
