ID	0	50	100	150	200
G1	0.4154775	0.3998052	0.4228158	0.2796698	0.2601166
G2	0.2397169	0.225286	0.2216793	0.4219183	0.4339671
G3	0.4959669	0.4772804	0.4691466	0.3066927	0.337223
G4	0.5857348	0.4340595	0.4788728	0.5896497	0.4785458
G5	0.7159132	0.2991923	0.1905752	0.2483347	0.1921919
G6	0.2492899	0.0780607	0.0370747	0.0342564	0.0157752
G7	0.2134736	0.237341	0.2910859	0.3250989	0.3999873
G8	0.5831228	0.6571817	0.7543102	0.6136467	0.7977978
G9	0.6744936	0.667084	0.6734133	0.8646771	0.7954159
G10	0.7201893	0.5411725	0.5677904	0.6147728	0.7332679
