ID	0	50	100	150	200
G1	0.4020655	0.4363248	0.5828226	0.6472253	0.6362089
G2	0.1818982	0.4364323	0.5233391	0.6454854	0.5814366
G3	0.6189904	0.5115797	0.4819272	0.5107856	0.4733529
G4	0.5217162	0.4931074	0.4526215	0.4962337	0.4302699
G5	0.4907231	0.5003681	0.4978291	0.4083757	0.6299167
G6	0.2905775	0.2749598	0.1448605	0.1917342	0.1826084
G7	0.1509204	0.1640983	0.1015871	0.0491273	0.0729222
G8	0.6901824	0.6480961	0.597029	0.3936219	0.255073
G9	0.6501443	0.795732	0.6764022	0.6647488	0.6578963
G10	0.6842189	0.3211695	0.1299197	0.233528	0.1916066
