ID	0	50	100	150	200	250	300	350	400	450	500	550	600	650	700	750	800	850	900	950	1000
G1	0.4154775	0.3998052	0.4228158	0.2796698	0.2601166	0.2210326	0.1495203	0.1732128	0.0825579	0.1796919	0.1373466	0.1292964	0.1438038	0.1448828	0.1593869	0.2722693	0.2936389	0.2817484	0.3490528	0.4882586	0.355994
G2	0.2397169	0.225286	0.2216793	0.4219183	0.4339671	0.4571579	0.4771082	0.508244	0.4902959	0.5261913	0.3662405	0.3948572	0.4326265	0.3623404	0.4086572	0.3675928	0.3810624	0.3494646	0.3210237	0.367232	0.2780319
G3	0.4959669	0.4772804	0.4691466	0.3066927	0.337223	0.2474588	0.1182074	0.1164832	0.0704105	0.0318369	0.0345195	0.1118931	0.3727391	0.4109848	0.3989827	0.5976305	0.4583762	0.4464442	0.4244093	0.4899888	0.488291
G4	0.5857348	0.4340595	0.4788728	0.5896497	0.4785458	0.5321029	0.4430145	0.5402285	0.5916108	0.5148511	0.5708156	0.5300614	0.649305	0.6655606	0.5629326	0.5533842	0.5565289	0.5047424	0.5851851	0.4662241	0.4615893
G5	0.7159132	0.2991923	0.1905752	0.2483347	0.1921919	0.2669531	0.2717975	0.25487	0.1894726	0.1856623	0.2419308	0.5497361	0.7127043	0.6580266	0.7517694	0.5435349	0.6009212	0.5979325	0.4682077	0.636559	0.6982929
G6	0.2492899	0.0780607	0.0370747	0.0342564	0.0157752	0.0137025	0.0185902	0.0297369	0.012741	0.0186152	0.0410638	0.14637	0.2223647	0.2054626	0.2469109	0.1459306	0.1968859	0.2106636	0.2318231	0.2631575	0.2285201
G7	0.2134736	0.237341	0.2910859	0.3250989	0.3999873	0.5092015	0.4619693	0.5190388	0.5457448	0.4045781	0.4869037	0.5243733	0.2778267	0.3540231	0.2321264	0.2148203	0.2275673	0.219228	0.2271304	0.3144062	0.2426274
G8	0.5831228	0.6571817	0.7543102	0.6136467	0.7977978	0.6534619	0.6907217	0.6414852	0.6433934	0.672343	0.7803673	0.7676792	0.7045326	0.6928945	0.6440414	0.632814	0.6545913	0.7125327	0.6537432	0.7866398	0.6139216
G9	0.6744936	0.667084	0.6734133	0.8646771	0.7954159	0.7628979	0.6915134	0.6617624	0.7588571	0.6668932	0.7375738	0.7473611	0.8560382	0.8424522	0.9100941	0.6182821	0.9551114	0.7902754	0.7057026	0.6795116	0.7335369
G10	0.7201893	0.5411725	0.5677904	0.6147728	0.7332679	0.8036094	0.7784938	0.7923966	0.6711555	0.5738433	0.5606448	0.7279286	0.7265287	0.8574016	0.7076795	0.6092727	0.6907856	0.6939599	0.6938187	0.7100374	0.6613777
