ID	0	50	100	150	200
G1	0.4581611	0.3749804	0.4217418	0.336643	0.2499014
G2	0.2257035	0.1721153	0.2384267	0.2992705	0.3582564
G3	0.5626084	0.3779921	0.3972574	0.3740627	0.3941415
G4	0.5234461	0.3989029	0.5146982	0.5049794	0.4978376
G5	0.4962692	0.4138714	0.4189727	0.5962357	0.6006902
G6	0.3031174	0.1349825	0.0893447	0.0909483	0.1002908
G7	0.229757	0.2571892	0.227383	0.2299888	0.2538753
G8	0.6937642	0.6084279	0.6244499	0.672415	0.6930115
G9	0.7460558	0.7336594	0.7659092	0.7115874	0.7071899
G10	0.6489106	0.5937868	0.6869227	0.7537252	0.6633972
