ID	0	50	100	150	200	250	300	350	400	450	500	550	600	650	700	750	800	850	900	950	1000
G1	0.6665114	0.3257748	0.1775012	0.1838851	0.0930693	0.0653015	0.1502136	0.0913323	0.1358562	0.1667014	0.1170103	0.4708819	0.5545089	0.5717737	0.6437458	0.6988616	0.6002293	0.751684	0.705819	0.6863142	0.6785873
G2	0.1272186	0.1218223	0.0443587	0.0615354	0.1398431	0.0886361	0.094808	0.090451	0.1182462	0.0765614	0.075504	0.093721	0.1443166	0.1580246	0.0906398	0.0959292	0.1251139	0.0985328	0.0823597	0.113119	0.0780578
G3	0.3550646	0.3464115	0.5712888	0.4849771	0.3435551	0.3124305	0.4126412	0.3764574	0.5188737	0.3768678	0.4322347	0.3453156	0.4763379	0.352766	0.3817925	0.4025808	0.3520098	0.4541817	0.4254553	0.3168437	0.3340166
G4	0.7745716	0.7229108	0.586828	0.6338205	0.5354375	0.5255509	0.4599706	0.4214017	0.5030134	0.4831358	0.5403027	0.618386	0.6233838	0.6429242	0.7448212	0.6477586	0.7884273	0.7086632	0.700968	0.6602306	0.6695402
G5	0.1004299	0.1924591	0.2333497	0.40451	0.5583316	0.6429076	0.5350145	0.5641511	0.6718907	0.6740419	0.7354699	0.485255	0.3257959	0.2634359	0.1906673	0.1278089	0.1340147	0.1391781	0.0960015	0.1389801	0.1181666
G6	0.275493	0.3107637	0.3569736	0.3375671	0.2994227	0.3676576	0.2992928	0.3430145	0.2333228	0.3815948	0.3344889	0.358515	0.3239021	0.2928635	0.304971	0.2934906	0.3429125	0.3146772	0.330916	0.3386791	0.2846131
G7	0.6067846	0.6096963	0.4647324	0.4200074	0.4145393	0.5788573	0.5993621	0.6775364	0.5142803	0.499568	0.5091151	0.4479249	0.4196698	0.4524902	0.6356541	0.5680143	0.5652458	0.3950302	0.4627621	0.5903798	0.593867
G8	0.7430983	0.7567515	0.6656993	0.7324089	0.6771472	0.8026375	0.6181808	0.5235399	0.6087675	0.5959077	0.7152812	0.7052075	0.72992	0.7210641	0.6836201	0.7435989	0.6701132	0.6562918	0.661009	0.6151949	0.6823825
G9	0.6656366	0.5554138	0.7211032	0.6402268	0.5478739	0.5983088	0.7288696	0.7736935	0.6843619	0.7486546	0.6725776	0.7919255	0.5791635	0.6633159	0.8094115	0.6819686	0.7548764	0.6583495	0.6866225	0.700166	0.7702145
G10	0.6950638	0.7327167	0.6717156	0.6970434	0.7512751	0.6088625	0.6660468	0.7443968	0.836531	0.7173045	0.6325963	0.5868152	0.6029599	0.6927663	0.7286575	0.8213812	0.6814079	0.6836276	0.7453896	0.645072	0.6068127
