ID	0	50	100	150	200
G1	0.7291507	0.5109302	0.6097374	0.7059362	0.779146
G2	0.1646974	0.1803674	0.1875477	0.2070564	0.2695352
G3	0.5393216	0.3894485	0.2565762	0.1696391	0.2447503
G4	0.7087402	0.6874071	0.5980135	0.4758323	0.3854643
G5	0.1237001	0.1012508	0.1486603	0.1471183	0.1409376
G6	0.2432843	0.4088945	0.4252275	0.4733397	0.5552323
G7	0.3970339	0.1468781	0.0264118	0.0259651	0.0067659
G8	0.7599215	0.3528068	0.3565534	0.2819844	0.1862479
G9	0.6285854	0.4169359	0.4086711	0.3558222	0.4058957
G10	0.6076601	0.7657149	0.8156564	0.7042378	0.6916045
