ID	0	50	100	150	200
G1	0.6927804	0.6137	0.5923916	0.5868361	0.6293309
G2	0.1735119	0.0954328	0.0704157	0.0880437	0.1149911
G3	0.3080785	0.2815777	0.2896261	0.1935983	0.2186433
G4	0.5990709	0.6576991	0.6349119	0.5846269	0.4509727
G5	0.1445523	0.2136285	0.2556762	0.1315485	0.1687147
G6	0.2494241	0.3952169	0.3336192	0.3849495	0.3736593
G7	0.5905584	0.2199619	0.1706594	0.1213159	0.0786808
G8	0.636797	0.5711943	0.7645988	0.7072442	0.6970827
G9	0.6891143	0.684341	0.6408686	0.8166294	0.803821
G10	0.6944974	0.6816443	0.6201303	0.7047542	0.6925731
