ID	0	50	100	150	200	250	300	350	400	450	500	550	600	650	700	750	800	850	900	950	1000
G1	0.7291507	0.5109302	0.6097374	0.7059362	0.779146	0.7512179	0.6662777	0.6446435	0.7309197	0.7241511	0.6861697	0.6640881	0.637497	0.7156959	0.6367377	0.6861329	0.7440202	0.8967149	0.756436	0.679297	0.6020569
G2	0.1646974	0.1803674	0.1875477	0.2070564	0.2695352	0.3182197	0.2300156	0.2564993	0.2767497	0.2384708	0.2557487	0.1897509	0.1523764	0.1338911	0.1458993	0.1471605	0.1238498	0.0662469	0.0664624	0.0715481	0.0930319
G3	0.5393216	0.3894485	0.2565762	0.1696391	0.2447503	0.1712229	0.2081826	0.2921507	0.1989521	0.2291561	0.2398097	0.2068039	0.3196045	0.406865	0.4325222	0.4342745	0.438485	0.4268514	0.4127351	0.3728141	0.3585051
G4	0.7087402	0.6874071	0.5980135	0.4758323	0.3854643	0.449231	0.3920308	0.3937747	0.5795062	0.3893692	0.289556	0.44754	0.5663255	0.6595041	0.6690486	0.5726726	0.743286	0.5678651	0.688654	0.5188151	0.8028182
G5	0.1237001	0.1012508	0.1486603	0.1471183	0.1409376	0.0985869	0.1500982	0.1285197	0.1167303	0.1496491	0.1109189	0.1082641	0.1010354	0.1013164	0.1462886	0.1460243	0.1294852	0.0999712	0.1245277	0.0947804	0.1239435
G6	0.2432843	0.4088945	0.4252275	0.4733397	0.5552323	0.427473	0.5281481	0.5760348	0.5195734	0.4616732	0.4998435	0.4044676	0.4860355	0.4614339	0.3561251	0.3473546	0.2765572	0.344726	0.3897331	0.2650917	0.3540091
G7	0.3970339	0.1468781	0.0264118	0.0259651	0.0067659	0.0094517	0.0019713	0.011426	0.0138563	0.0025197	0.007007	0.5668736	0.597794	0.6950467	0.5087046	0.4667717	0.5446558	0.4650374	0.4798852	0.4785983	0.3951515
G8	0.7599215	0.3528068	0.3565534	0.2819844	0.1862479	0.2538905	0.2450673	0.1746718	0.2548303	0.1916132	0.1959993	0.6426656	0.7231546	0.7188045	0.6382091	0.6700589	0.7585209	0.7023964	0.6957703	0.7806962	0.7849719
G9	0.6285854	0.4169359	0.4086711	0.3558222	0.4058957	0.3565842	0.2789396	0.2805749	0.3775839	0.3453198	0.3096857	0.6214781	0.6409856	0.6558541	0.7491581	0.7790399	0.6396986	0.6389196	0.7970938	0.5806831	0.7304382
G10	0.6076601	0.7657149	0.8156564	0.7042378	0.6916045	0.7226358	0.8015413	0.7041561	0.7438145	0.7157578	0.6144597	0.5714713	0.6966782	0.7758014	0.7329435	0.7393787	0.668421	0.6975826	0.6599207	0.791336	0.6863379
