ID	0	50	100	150	200
G1	0.7025546	0.2670111	0.1495577	0.1258573	0.1503708
G2	0.0965407	0.0066399	0.0002031	0.0000726	0.0007181
G3	0.4955336	0.4120065	0.3162661	0.3444491	0.360118
G4	0.6290043	0.633102	0.6388113	0.5332911	0.4870183
G5	0.1394119	0.1601289	0.3527526	0.5828865	0.6474004
G6	0.2777284	0.3160889	0.4121452	0.4561672	0.5160537
G7	0.5852446	0.3879914	0.5371867	0.5854555	0.4715633
G8	0.6987308	0.3125419	0.2207124	0.164159	0.1138825
G9	0.7189792	0.8405381	0.7847303	0.686476	0.7514894
G10	0.6317014	0.7525926	0.6308077	0.6603441	0.7220521
