ID	0	50	100	150	200
G1	0.7147163	0.6338617	0.6247811	0.719644	0.709418
G2	0.0789012	0.1135145	0.0807247	0.0561945	0.0723323
G3	0.4215624	0.2933042	0.3235387	0.3469269	0.4130727
G4	0.6301302	0.649465	0.5906159	0.4836713	0.6042179
G5	0.0850342	0.0442124	0.026979	0.0273254	0.0469687
G6	0.3092021	0.3514063	0.3053646	0.3056355	0.3537859
G7	0.4516194	0.2277307	0.1633944	0.1746293	0.1830969
G8	0.6951692	0.7833732	0.8113616	0.8313165	0.6419759
G9	0.8362663	0.3862019	0.1997879	0.1924133	0.0529535
G10	0.6439763	0.6660204	0.6863509	0.717086	0.5236239
