ID	0	50	100	150	200
G1	0.6665114	0.3257748	0.1775012	0.1838851	0.0930693
G2	0.1272186	0.1218223	0.0443587	0.0615354	0.1398431
G3	0.3550646	0.3464115	0.5712888	0.4849771	0.3435551
G4	0.7745716	0.7229108	0.586828	0.6338205	0.5354375
G5	0.1004299	0.1924591	0.2333497	0.40451	0.5583316
G6	0.275493	0.3107637	0.3569736	0.3375671	0.2994227
G7	0.6067846	0.6096963	0.4647324	0.4200074	0.4145393
G8	0.7430983	0.7567515	0.6656993	0.7324089	0.6771472
G9	0.6656366	0.5554138	0.7211032	0.6402268	0.5478739
G10	0.6950638	0.7327167	0.6717156	0.6970434	0.7512751
