ID	0	50	100	150	200	250	300	350	400	450	500	550	600	650	700	750	800	850	900	950	1000
G1	0.7434788	0.743889	0.5483744	0.2755666	0.0954265	0.0640243	0.0379835	0.0202255	0.1094049	0.1077028	0.1476445	0.5045949	0.5771638	0.6648593	0.6472366	0.5748648	0.6932497	0.6538489	0.495093	0.698686	0.6994058
G2	0.0568172	0.0493452	0.0500321	0.0448411	0.1061782	0.1152459	0.1774596	0.3044332	0.3346718	0.3790402	0.3541005	0.3933903	0.157512	0.1759049	0.1276831	0.0971148	0.0865644	0.0838644	0.0707549	0.0809615	0.1054778
G3	0.3720642	0.4045182	0.6062943	0.619422	0.5115596	0.6479555	0.611807	0.6717472	0.523845	0.6487227	0.5310603	0.6205828	0.4961805	0.3362743	0.6291367	0.318034	0.4900173	0.4343195	0.3918653	0.4686353	0.4791412
G4	0.4512427	0.5082463	0.478809	0.3549771	0.3784031	0.4610806	0.4729229	0.3609815	0.3088735	0.407216	0.3052417	0.1295409	0.252295	0.4634251	0.4896835	0.6442292	0.5210743	0.5205495	0.4819631	0.3973114	0.4362593
G5	0.3047235	0.0925619	0.0431455	0.0165815	0.0255447	0.0229624	0.0538159	0.0289255	0.0651226	0.0345993	0.0481121	0.510375	0.5716999	0.4638618	0.4086902	0.3293178	0.3053979	0.2791373	0.2656553	0.2800304	0.2489748
G6	0.3551515	0.3621046	0.5049742	0.5339244	0.4854211	0.5804635	0.5642455	0.5660304	0.4664561	0.5458928	0.6971183	0.5248914	0.475049	0.4700085	0.5521951	0.3773861	0.4252671	0.4162889	0.439114	0.5053949	0.4439837
G7	0.461422	0.2685369	0.3586344	0.3090496	0.2439281	0.1549288	0.1666079	0.1169132	0.0745321	0.1906864	0.0885816	0.2548537	0.3446019	0.4131605	0.4081266	0.4874628	0.5671963	0.4893746	0.4372908	0.5788488	0.4611892
G8	0.0419036	0.3704708	0.5140627	0.5243618	0.4863902	0.5842325	0.5859705	0.5578414	0.4414199	0.4972549	0.5474482	0.3931124	0.3279127	0.1941874	0.176297	0.1726626	0.0939447	0.0822543	0.0345415	0.0756819	0.0813626
G9	0.5198533	0.5167937	0.4641914	0.3318707	0.354866	0.4313794	0.7247088	0.6063106	0.6426906	0.621885	0.5013562	0.5937659	0.5895653	0.4586836	0.508955	0.5661827	0.5501857	0.4846861	0.4784487	0.5634407	0.6187348
G10	0.1837547	0.1798231	0.1780872	0.1579341	0.2331873	0.4356217	0.3855348	0.4322014	0.411952	0.3831684	0.4048729	0.6153942	0.6363228	0.5114889	0.2978239	0.2524927	0.2700588	0.2428799	0.2012083	0.1177624	0.117052
G11	0.5543533	0.3103327	0.2695251	0.1915211	0.1529763	0.1626161	0.1429069	0.1599475	0.2228717	0.1245369	0.1069823	0.4123492	0.3428594	0.3624317	0.3130006	0.4568463	0.6062523	0.6995215	0.6290081	0.4987091	0.4920955
G12	0.5586296	0.6266326	0.5664377	0.5751482	0.6498526	0.7885636	0.6383476	0.6750736	0.6348133	0.6768047	0.6476003	0.5130452	0.3985979	0.3343637	0.2654957	0.2948346	0.2763016	0.3912004	0.5093309	0.6898687	0.7509775
G13	0.4614093	0.3349487	0.3217741	0.3259926	0.3210147	0.4188046	0.4922414	0.4446214	0.4757561	0.4628482	0.4228449	0.7549508	0.4950414	0.3263858	0.2532504	0.4696634	0.4726756	0.4641247	0.4275909	0.5931664	0.4925968
G14	0.2423331	0.2794092	0.4248496	0.4579874	0.5954849	0.6564545	0.7516514	0.6043739	0.7973035	0.6196056	0.7872472	0.4312174	0.3807594	0.3669479	0.2555163	0.2409474	0.1713173	0.2235956	0.219015	0.3589061	0.3521106
G15	0.6966489	0.5887746	0.5584871	0.6951442	0.6669198	0.6608718	0.5882668	0.7601218	0.6375325	0.7070083	0.660525	0.5923302	0.5574932	0.4996433	0.5578982	0.6053746	0.558087	0.6475458	0.7853897	0.5441125	0.6917942
G16	0.181635	0.1675337	0.1442704	0.1440718	0.1300685	0.2227778	0.2648477	0.2295118	0.2460874	0.295054	0.2351902	0.2504022	0.3230661	0.281056	0.2065156	0.177214	0.1778514	0.1572653	0.1995808	0.1585752	0.1751115
G17	0.3072264	0.2644559	0.0970376	0.0687907	0.2124844	0.2710403	0.3984237	0.3970477	0.268242	0.3862679	0.3689634	0.4314377	0.6033618	0.4421325	0.4461046	0.4170582	0.4786629	0.3832211	0.3463754	0.4307146	0.2719149
G18	0.4285544	0.5272236	0.5473508	0.6113405	0.6140108	0.6415392	0.5313955	0.483484	0.7046989	0.6386381	0.532827	0.3805076	0.4102002	0.4344404	0.4080374	0.440201	0.4084646	0.3525951	0.3129075	0.5616183	0.2990047
G19	0.2009895	0.263171	0.4959342	0.3937256	0.3599986	0.2954501	0.1874543	0.2367044	0.2315938	0.2548807	0.2382589	0.2055036	0.0919156	0.1211855	0.1720215	0.1556806	0.1504504	0.192418	0.1413514	0.1798631	0.1709132
G20	0.6921473	0.5468277	0.5492499	0.6396427	0.6528812	0.6907089	0.5095699	0.4946909	0.324572	0.5211216	0.5163283	0.5898043	0.6314938	0.6361709	0.7431177	0.7424026	0.6474293	0.6621039	0.7136679	0.6614769	0.7127339
G21	0.2054692	0.2040805	0.1264492	0.1384973	0.1636999	0.1630324	0.1679727	0.1232928	0.1820298	0.1446581	0.1925932	0.3301061	0.2589757	0.3556186	0.2650925	0.3536097	0.2081192	0.2056031	0.2343895	0.3293939	0.2724952
G22	0.0313321	0.0231763	0.0216351	0.0230236	0.0213086	0.029459	0.0239548	0.0311273	0.0358785	0.0319783	0.0277708	0.0230083	0.0542038	0.0707639	0.0589905	0.0343417	0.0314205	0.0158579	0.0292392	0.0296531	0.0405473
G23	0.7059481	0.7338111	0.7089783	0.715998	0.7050338	0.6219606	0.6237532	0.7141599	0.6672635	0.5563155	0.6763131	0.5494864	0.5981739	0.8462451	0.6548573	0.6466798	0.6339622	0.5690348	0.7405856	0.7669285	0.6816766
G24	0.2974951	0.6342385	0.6389625	0.6006693	0.5934346	0.6055926	0.570157	0.6511058	0.6729119	0.5992983	0.6249538	0.5184125	0.3170561	0.5126495	0.4837809	0.4711285	0.3793244	0.3790603	0.3882477	0.3812424	0.351002
G25	0.0282303	0.0166476	0.0183566	0.0172381	0.0310922	0.0511485	0.0132899	0.0127338	0.0184941	0.0093544	0.0052625	0.0137939	0.0190985	0.015891	0.0181194	0.0238375	0.0135434	0.0176378	0.0059289	0.0140937	0.0325884
G26	0.018911	0.0743764	0.0189925	0.0214188	0.0298217	0.0190385	0.0488617	0.0258931	0.0518943	0.0175004	0.0433805	0.0508435	0.0534666	0.031149	0.0356302	0.0270457	0.0221105	0.0055976	0.0128711	0.0258568	0.0179714
G27	0.1389347	0.1129784	0.1747294	0.0936271	0.1599326	0.1787203	0.1189558	0.1727444	0.128778	0.1042559	0.1079645	0.0846808	0.1264109	0.1106192	0.1729574	0.1179132	0.1657171	0.121339	0.1446173	0.1015563	0.1031551
G28	0.6564266	0.6935448	0.7513266	0.6393708	0.7420372	0.7051383	0.6322687	0.6786584	0.6826218	0.7301583	0.7130952	0.8625357	0.6993278	0.8577274	0.6950546	0.6843936	0.6719632	0.7399654	0.5965151	0.6661732	0.5978682
G29	0.4356956	0.3814154	0.4738308	0.3345551	0.661196	0.5512078	0.4798346	0.335894	0.3945486	0.469764	0.384725	0.5081461	0.4840543	0.497264	0.4474236	0.502246	0.4632775	0.5461169	0.4235591	0.4888794	0.51579
G30	0.5844332	0.4038056	0.3252126	0.3047131	0.3177105	0.3313915	0.3369889	0.2676694	0.2151197	0.2996529	0.3475601	0.7062157	0.5548933	0.7373317	0.6221714	0.6193683	0.7125222	0.591445	0.6972658	0.6933915	0.6220446
G31	0.4024169	0.4202858	0.5784467	0.6012936	0.5793449	0.6470356	0.7118084	0.6208994	0.558535	0.5495791	0.6248587	0.556635	0.4684895	0.4539772	0.4663493	0.3955996	0.5328892	0.4430443	0.5622748	0.4685704	0.3946974
G32	0.7580798	0.5942869	0.5944156	0.706764	0.6886928	0.6745769	0.6659271	0.7294294	0.5399917	0.823616	0.6000459	0.6120235	0.5851319	0.5862739	0.6911426	0.8626037	0.5985332	0.5936527	0.6391739	0.6516034	0.6002482
G33	0.1004427	0.0394035	0.0112954	0.0000741	0.0012245	0.0007152	0.0003322	0	0.0006652	0.0016401	0.0020311	0.0507045	0.0874863	0.1090908	0.0904224	0.0727476	0.0372463	0.0679755	0.0925236	0.108942	0.0888766
G34	0.6042477	0.6242304	0.7706273	0.5963407	0.6327886	0.6627994	0.693389	0.7418807	0.7457553	0.650611	0.5933763	0.7613078	0.647469	0.6624958	0.6035316	0.85435	0.6049185	0.5954237	0.6858395	0.7000259	0.7247692
G35	0.4857158	0.4350323	0.3515831	0.1965611	0.1273581	0.0608143	0.065962	0.0658061	0.0851702	0.1069686	0.078967	0.3177018	0.4602426	0.5285862	0.5041468	0.6501457	0.643647	0.5085878	0.6613129	0.6072757	0.6114013
G36	0.2800928	0.2764417	0.2596078	0.3253077	0.3231701	0.3168679	0.3216479	0.2857382	0.3616073	0.3078081	0.2891729	0.4153171	0.415313	0.3252642	0.3081316	0.2361722	0.2839563	0.2947881	0.3161078	0.3337703	0.3257289
G37	0.3877955	0.4162243	0.5782637	0.5338103	0.5153592	0.4934955	0.4222435	0.4604171	0.5007943	0.4602676	0.458114	0.4758833	0.3275084	0.3988866	0.5008329	0.4306002	0.3495383	0.3638871	0.48638	0.4106821	0.4965539
G38	0.5572714	0.5261266	0.3773582	0.4168007	0.5304592	0.5360113	0.3837629	0.4148659	0.5247911	0.5986305	0.4747291	0.5167324	0.4902166	0.5713815	0.4619868	0.4662017	0.4587634	0.4154543	0.5439166	0.4813581	0.4682278
G39	0.4711483	0.5356268	0.3660261	0.4167399	0.4049432	0.3951997	0.3225325	0.4295154	0.4229831	0.3765135	0.4840537	0.6159318	0.5555833	0.4752054	0.4890963	0.563209	0.4917782	0.4446087	0.3498222	0.431643	0.4208873
G40	0.2654668	0.0842488	0.0214124	0.0093918	0.0006432	0.0002091	0.0002466	0.0004303	0.0000535	0.0012057	0.0001614	0.3022672	0.3601515	0.2799206	0.2437547	0.2664764	0.2538772	0.2957021	0.3138861	0.3422691	0.3790549
G41	0.0325453	0.0063946	0.0417618	0.0072214	0.0165386	0.0174243	0.0199519	0.0151283	0.0030074	0.0273889	0.0106841	0.0163806	0.0910784	0.0710132	0.1517948	0.0663194	0.0402425	0.0270226	0.0398685	0.0144488	0.0377725
G42	0.2109283	0.2490722	0.346413	0.2446443	0.4496606	0.4568946	0.4803089	0.4702465	0.4356444	0.4526921	0.4099995	0.40767	0.2974818	0.2892324	0.2486651	0.2433047	0.149533	0.1745256	0.2241499	0.23657	0.1763713
G43	0.252345	0.2282608	0.2780741	0.2345718	0.3117291	0.2719662	0.2648266	0.2616617	0.237781	0.3332458	0.290125	0.2738134	0.2438134	0.2154601	0.2861749	0.2707529	0.2946151	0.3232803	0.3914159	0.3218797	0.335202
G44	0.6582163	0.6763262	0.6757592	0.4411441	0.3951412	0.4466084	0.3718928	0.2880497	0.4003289	0.4625251	0.5819096	0.5661727	0.559796	0.6313135	0.6914683	0.6674679	0.6261403	0.6162794	0.6144838	0.6925107	0.5441161
G45	0.670527	0.7071536	0.6745767	0.7595321	0.7229365	0.6600583	0.691553	0.6080155	0.6287037	0.668302	0.6384249	0.6552913	0.7539077	0.5771905	0.627698	0.6725572	0.5963192	0.6110239	0.5742124	0.6299459	0.5902991
G46	0.0079509	0.0044201	0.0044346	0.0132251	0.0105445	0.0279147	0.0479375	0.0661807	0.0480377	0.0542182	0.0599023	0.0673458	0.0223159	0.0128915	0.0154168	0.0062294	0.0026741	0.0138645	0.0103362	0.0038066	0.0083506
G47	0.1088854	0.1306154	0.1336436	0.085091	0.0953218	0.0584792	0.0700054	0.0288162	0.0649033	0.0404534	0.0509083	0.1369548	0.1781667	0.1788686	0.1450866	0.1281537	0.1051859	0.1570153	0.0899032	0.0999324	0.0821447
G48	0.4635826	0.4739638	0.5782597	0.5827905	0.5981316	0.6160399	0.5704419	0.617909	0.7515515	0.6950198	0.6257076	0.630618	0.6607867	0.4503635	0.4485819	0.4447916	0.4255067	0.4083106	0.415173	0.3482672	0.4443797
G49	0.434645	0.333967	0.4783379	0.4086336	0.5685302	0.5558634	0.5405712	0.5616367	0.479946	0.49598	0.4963484	0.3475348	0.3102214	0.4362818	0.4643482	0.4601781	0.3856781	0.4646823	0.394533	0.4142243	0.4454982
G50	0.5623589	0.2421807	0.2433275	0.2836189	0.1562092	0.1655509	0.2261277	0.2339548	0.2622704	0.2666761	0.2312848	0.3797486	0.2395817	0.3236964	0.3557637	0.3282956	0.3598325	0.4394928	0.4120642	0.6185584	0.4853881
G51	0.2061122	0.2130707	0.2342272	0.1817148	0.2536986	0.197064	0.1954365	0.1516312	0.1235549	0.2251618	0.1667182	0.1713334	0.1693634	0.258711	0.2909934	0.2584967	0.2363713	0.2308763	0.1826032	0.2619193	0.2616285
G52	0.5455203	0.6608359	0.700285	0.8089924	0.8315636	0.6697312	0.6755652	0.7231053	0.6679728	0.6459827	0.6956586	0.6662919	0.6139054	0.6182161	0.7146566	0.5400052	0.5642946	0.7265146	0.6247679	0.8609783	0.5557786
G53	0.0516249	0.1201066	0.1656622	0.1450596	0.2320655	0.3229143	0.3359675	0.2740301	0.2121801	0.16839	0.3025935	0.1750234	0.1481582	0.2130216	0.2072278	0.1798377	0.1860095	0.1480558	0.0983379	0.1139659	0.1282133
G54	0.5200127	0.5410125	0.3921278	0.4862265	0.425645	0.5038829	0.411873	0.3964377	0.4253303	0.4326772	0.5268869	0.591154	0.4161433	0.5153067	0.5144814	0.4159783	0.5087446	0.3593672	0.4535561	0.480501	0.5044326
G55	0.6125807	0.5934095	0.5295072	0.3457583	0.3313083	0.2932184	0.2344353	0.2529981	0.3138364	0.3304123	0.3024847	0.4436922	0.5335824	0.5689055	0.549404	0.5432666	0.6625978	0.4837056	0.5591963	0.6222285	0.5882534
G56	0.0975307	0.0942659	0.2121053	0.3874857	0.430149	0.4060363	0.4928902	0.3266306	0.2944564	0.3665547	0.3323597	0.2440928	0.0795665	0.0605577	0.085691	0.0705603	0.0963382	0.1323247	0.1112912	0.2042504	0.1196469
G57	0.3996402	0.3880097	0.3014196	0.2305327	0.1946981	0.2352637	0.2125326	0.2617559	0.162171	0.2199273	0.1917338	0.1831521	0.4736623	0.4357884	0.610684	0.5820965	0.4616413	0.4858342	0.5020757	0.3868525	0.3239938
G58	0.49787	0.4564381	0.374789	0.1786566	0.1591639	0.1556129	0.1087574	0.1666513	0.1309051	0.16991	0.1910745	0.3450599	0.5948178	0.5750748	0.5196338	0.5330275	0.5298059	0.4684325	0.4979891	0.5159642	0.5371245
G59	0.596423	0.6325947	0.5398708	0.5222305	0.4264555	0.476428	0.3226765	0.4033426	0.4934243	0.4896785	0.4452153	0.4823925	0.5824576	0.6176951	0.6690303	0.7079852	0.6672952	0.6887846	0.7154592	0.590494	0.6439242
G60	0.5434819	0.566854	0.4611796	0.4324876	0.5493549	0.6433635	0.591159	0.5175617	0.5693491	0.3989411	0.6403512	0.5418943	0.5953153	0.4980538	0.4492248	0.4842409	0.5288724	0.5216047	0.4564854	0.5027092	0.4857435
G61	0.6975135	0.505148	0.4532843	0.4225699	0.4573222	0.4984416	0.4125989	0.4533027	0.4255131	0.5097406	0.4052659	0.3935804	0.5253283	0.4848748	0.7331692	0.6828999	0.5324998	0.4950409	0.5743323	0.5755775	0.5789222
G62	0.6708667	0.5902012	0.6477936	0.6365637	0.5683155	0.8051537	0.772359	0.5947641	0.5499734	0.5158822	0.6595122	0.6376594	0.5902391	0.6219481	0.8609423	0.670042	0.5957002	0.6104306	0.6467746	0.6382148	0.6694706
G63	0.3893897	0.5397705	0.7121643	0.6322177	0.5201423	0.6052638	0.7007617	0.667073	0.6465264	0.7164399	0.6080179	0.3932312	0.3820829	0.3786281	0.4001575	0.4001903	0.3112778	0.3812907	0.3759877	0.2680441	0.302113
G64	0.2251488	0.1502869	0.0194918	0.0271477	0.042566	0.0594692	0.049782	0.1011699	0.0667006	0.0537013	0.1198523	0.2509845	0.1792516	0.2078274	0.1904258	0.1931795	0.1949484	0.2102107	0.2999133	0.2624299	0.2793264
G65	0.2239624	0.2281269	0.2862133	0.2704988	0.2815261	0.2998019	0.2742971	0.2825702	0.2919162	0.249716	0.3029235	0.2879534	0.3092117	0.2548087	0.2794972	0.2877585	0.2382056	0.2796087	0.2335984	0.2368583	0.2743886
G66	0.4778326	0.4667419	0.5287654	0.370669	0.3372996	0.3955379	0.2969564	0.4435783	0.4113277	0.4538136	0.4694054	0.5224127	0.5161727	0.5384484	0.5177386	0.5539204	0.4736761	0.459614	0.533286	0.6051398	0.4931984
G67	0.2793244	0.2679523	0.1289435	0.0578288	0.0795611	0.0441327	0.0598614	0.0266286	0.0116045	0.0192002	0.0762623	0.1069525	0.2553798	0.3347161	0.4044589	0.3772887	0.3176985	0.3563419	0.2482665	0.3004768	0.2664161
G68	0.262986	0.1914584	0.26335	0.2093201	0.1949989	0.185888	0.1848047	0.1554674	0.1751351	0.1516245	0.2425589	0.1825364	0.2210579	0.1901103	0.2931327	0.2881402	0.1835021	0.3077574	0.2718937	0.2297366	0.2325482
G69	0.5160859	0.5584934	0.7056636	0.6647197	0.5813194	0.6088705	0.5087096	0.4634229	0.5210184	0.529853	0.5906041	0.6643014	0.6374669	0.647163	0.7683563	0.7916225	0.7072385	0.6744561	0.4860168	0.6025237	0.7467353
G70	0.257416	0.2139523	0.2253038	0.1312711	0.1339443	0.233025	0.2395351	0.2256316	0.2145089	0.1728407	0.1901788	0.1710588	0.1488339	0.1706472	0.1932162	0.1424256	0.1626929	0.141123	0.1828942	0.1679861	0.237457
G71	0.1833495	0.0631193	0.0228137	0.0263321	0.0336322	0.0134983	0.008956	0.0122805	0.0377787	0.0101952	0.0238968	0.1692593	0.2121007	0.1618414	0.1400977	0.1441284	0.1649917	0.2681899	0.1910402	0.1393085	0.1190241
G72	0.1615641	0.0315009	0.0110774	0.0247022	0.0506525	0.0465709	0.0210306	0.0181099	0.0365335	0.0185494	0.0269684	0.2307242	0.246951	0.1999745	0.2723895	0.183423	0.1625978	0.1657471	0.1454481	0.116814	0.0916865
G73	0.0635363	0.1132611	0.1451653	0.2246634	0.279289	0.1976072	0.1574073	0.1397233	0.2169357	0.2824356	0.224584	0.1939236	0.2290113	0.2234253	0.2213589	0.133641	0.1139232	0.1242924	0.1133071	0.1249291	0.172441
G74	0.3484556	0.4414758	0.385624	0.329385	0.5030636	0.4564983	0.4066368	0.426543	0.4246021	0.4465537	0.4776406	0.4606595	0.4703573	0.5065889	0.4574888	0.3189006	0.4020425	0.3291866	0.4061452	0.4112034	0.3393226
G75	0.3606179	0.3835119	0.3966477	0.5650441	0.4933028	0.4757748	0.5586096	0.503678	0.749305	0.57186	0.5668836	0.5196168	0.4563822	0.5032607	0.4742434	0.4188246	0.3891803	0.4555061	0.3308241	0.3490031	0.3625266
G76	0.0950259	0.45781	0.4635277	0.3858297	0.3541162	0.4680383	0.4448795	0.4303793	0.4141298	0.5277066	0.454807	0.2310922	0.1951356	0.2297842	0.1751849	0.1668552	0.1315919	0.1351323	0.1055967	0.0671256	0.0747919
G77	0.0008747	0.0688582	0.0900669	0.0939551	0.0963268	0.0435043	0.0675711	0.0387616	0.1068618	0.0677025	0.0801259	0.0200078	0.0029163	0.0000321	0.0015288	0.0026224	0.0009462	0.0178613	0.0011839	0.004469	0.0011839
G78	0.4800621	0.4183982	0.3819723	0.3836739	0.4198241	0.4334554	0.365184	0.4269149	0.4504125	0.345075	0.307947	0.4621784	0.5763736	0.542404	0.5796642	0.4497231	0.4697542	0.5310246	0.4544009	0.4675789	0.5619596
G79	0.4151012	0.1120838	0.0741131	0.0313765	0.0375043	0.0463872	0.0539481	0.0425034	0.0451941	0.0873614	0.0706924	0.3489012	0.3869621	0.3522253	0.3258364	0.414151	0.3782151	0.5154094	0.5491242	0.4424985	0.5532596
G80	0.1813067	0.1737236	0.1773374	0.2549203	0.2653206	0.2361568	0.3000301	0.3030524	0.1797509	0.3401832	0.2699302	0.5511494	0.5076887	0.4037136	0.3044131	0.2802577	0.3121187	0.3240569	0.2669242	0.232795	0.1902962
G81	0.3093758	0.4944926	0.416181	0.3859755	0.4632403	0.4265308	0.4378077	0.4606011	0.4166303	0.4290898	0.5434915	0.1838817	0.2337126	0.2928175	0.3743933	0.2937404	0.2856891	0.2511548	0.294575	0.3461159	0.3063447
G82	0.2195755	0.5037101	0.6119609	0.6002083	0.6297707	0.5896797	0.7204245	0.6606698	0.5651453	0.6843417	0.639452	0.4431902	0.3532939	0.4726702	0.4341232	0.4804671	0.2967763	0.3444766	0.2559617	0.2808286	0.2283936
G83	0.5143317	0.4613421	0.4633585	0.375644	0.2784944	0.3119126	0.2819278	0.2282864	0.1811801	0.1921734	0.22028	0.3446598	0.5098757	0.56371	0.6126105	0.4934536	0.4773844	0.4582099	0.5209572	0.6478364	0.4435241
G84	0.1561315	0.0800051	0.043734	0.0206869	0.0318654	0.0343958	0.0378635	0.0442914	0.0188944	0.0221478	0.0376445	0.0247635	0.073658	0.1305254	0.150087	0.1530141	0.0558573	0.07974	0.1047015	0.1212134	0.1990309
G85	0.3845904	0.3181816	0.3055805	0.4030474	0.3925606	0.2950069	0.3845955	0.3898103	0.3726507	0.366005	0.3267578	0.3969185	0.2113213	0.2342828	0.2223153	0.238198	0.3066528	0.3283305	0.3454827	0.2925127	0.3512477
G86	0.7074934	0.6799144	0.6339607	0.6721592	0.7105124	0.7278474	0.6300636	0.6480338	0.6108388	0.5784068	0.6693393	0.5334933	0.5929413	0.5443379	0.6007447	0.6569613	0.5299085	0.7005509	0.7317064	0.7117805	0.7652205
G87	0.2683154	0.3472579	0.3078451	0.3765898	0.3855454	0.5725112	0.4490736	0.5077656	0.5699685	0.6185668	0.4745671	0.4136934	0.2946402	0.2030427	0.2544229	0.1647743	0.156208	0.1899765	0.1446028	0.1448092	0.265559
G88	0.5595728	0.4789433	0.2943967	0.3010222	0.3381625	0.3280802	0.3286018	0.2844511	0.3355368	0.3279638	0.2538336	0.3366805	0.4522253	0.3380673	0.4416489	0.5385912	0.4200156	0.5211299	0.5048925	0.4054938	0.5356165
G89	0.5723657	0.4958521	0.1705572	0.0792974	0.0175223	0.065743	0.004781	0.0110843	0.0198163	0.02583	0.0193932	0.0285855	0.0518934	0.1610266	0.2493945	0.200642	0.2322729	0.2450095	0.293094	0.3646182	0.3598163
G90	0.5202965	0.5762838	0.5941072	0.530982	0.6457495	0.8552867	0.6031227	0.6538954	0.6422956	0.5929587	0.7158683	0.5946802	0.4966531	0.2937857	0.2879917	0.3018487	0.3288927	0.5387208	0.4945124	0.4878985	0.4741843
G91	0.2893732	0.3733066	0.314018	0.2244686	0.2104944	0.1859721	0.1182647	0.1228794	0.1830287	0.1693291	0.1084767	0.1724084	0.5684107	0.5876583	0.5983697	0.5357551	0.5498604	0.5161165	0.5301242	0.4107262	0.3984998
G92	0.4129686	0.3435412	0.3069269	0.3336187	0.4387877	0.3585833	0.4056651	0.3569989	0.3787619	0.3694824	0.3192358	0.3990184	0.4630267	0.4969988	0.4732833	0.5549875	0.467332	0.5176813	0.4142604	0.4556625	0.4886695
G93	0.4907561	0.6161013	0.6059851	0.6503074	0.653912	0.6056112	0.6106906	0.7861287	0.6551123	0.6625122	0.6017222	0.5304523	0.651919	0.5340177	0.5562346	0.6440134	0.5465858	0.5189651	0.5179287	0.4601335	0.4669648
G94	0.6434723	0.732845	0.6753985	0.5864573	0.6785057	0.5696548	0.5930987	0.6100101	0.6086354	0.688048	0.5838281	0.6699877	0.6521555	0.7036813	0.7548652	0.740149	0.6827511	0.6980488	0.6382647	0.7555888	0.6413356
G95	0.6040156	0.5974573	0.6421446	0.5468567	0.699327	0.5873448	0.6798659	0.6394836	0.6884028	0.6527744	0.6189334	0.695546	0.6134916	0.5592909	0.5433937	0.761811	0.6824725	0.6709243	0.7249853	0.6099166	0.5947131
G96	0.6936361	0.5515737	0.7651195	0.8092669	0.5952327	0.5997223	0.6543782	0.6788787	0.60283	0.5204552	0.7218406	0.7847298	0.7008009	0.6802643	0.6405604	0.7982212	0.7328907	0.7076558	0.7660613	0.6152052	0.6034865
G97	0.2304731	0.3598729	0.3901508	0.3363394	0.3980754	0.4018784	0.3546262	0.3900893	0.4156048	0.3466146	0.2741459	0.4161135	0.3980981	0.2298424	0.3266666	0.2646231	0.318634	0.3077786	0.2947219	0.2613569	0.2535199
G98	0.6135517	0.2654052	0.0983674	0.1078078	0.0795295	0.0586671	0.0934346	0.0721862	0.0764724	0.05058	0.058204	0.5824349	0.6743421	0.6655921	0.6507571	0.6376784	0.727927	0.5723771	0.646519	0.5747455	0.6752984
G99	0.5792578	0.6030745	0.6562889	0.6146859	0.6137702	0.7040876	0.6855115	0.5688146	0.5940428	0.7384859	0.7165353	0.5620934	0.4844151	0.6206751	0.6676236	0.615991	0.7773217	0.6561086	0.6708822	0.6518994	0.631926
G100	0.7321171	0.5388278	0.6341316	0.7149566	0.7035526	0.6544065	0.7107468	0.6928463	0.6514525	0.6567382	0.7128997	0.6655809	0.7158712	0.6700078	0.7198743	0.772235	0.6173181	0.7529173	0.7242105	0.6884859	0.6222664
