ID	0	50	100	150	200	250	300	350	400	450	500	550	600	650	700	750	800	850	900	950	1000
G1	0.7349676	0.6327793	0.5835694	0.3018465	0.0975338	0.0377768	0.0265908	0.0057044	0.0152309	0.0096783	0.0275973	0.2616325	0.5586603	0.6808818	0.6010756	0.7242955	0.6017715	0.6704617	0.6081115	0.7112927	0.7398628
G2	0.0485149	0.0937415	0.0691611	0.0827596	0.1024487	0.1317276	0.354811	0.4450936	0.5919146	0.6585413	0.622837	0.6082419	0.3048183	0.2611979	0.1431295	0.0990741	0.1000195	0.1105305	0.0634639	0.1091852	0.0749703
G3	0.4524714	0.1171985	0.1722626	0.2186805	0.22981	0.1750031	0.1384318	0.0885009	0.1030344	0.1125406	0.1236529	0.4813748	0.5493286	0.4857267	0.396901	0.4284643	0.4148514	0.5095045	0.5225545	0.4259358	0.4229575
G4	0.5130895	0.4312552	0.0947454	0.0984881	0.0362846	0.0387473	0.0322274	0.0334367	0.0174268	0.0226903	0.0261768	0.0555802	0.1477275	0.3692083	0.5503327	0.6060872	0.5288481	0.4128228	0.3974541	0.5350986	0.4567669
G5	0.4052034	0.1239833	0.0495166	0.0162672	0.019565	0.0270762	0.0139515	0.0132267	0.0179656	0.0108713	0.014674	0.4602019	0.6719207	0.5316089	0.5227243	0.2833287	0.2877521	0.2497983	0.3483576	0.2955264	0.2344625
G6	0.3755149	0.4599111	0.6091931	0.5206312	0.5879369	0.4548935	0.4953425	0.4810902	0.5011784	0.6187476	0.5596285	0.508634	0.3854216	0.3373714	0.3926451	0.3307751	0.3608009	0.4394881	0.3966957	0.4292953	0.4126927
G7	0.3670855	0.2816859	0.2569522	0.1915343	0.1805589	0.1604875	0.0972432	0.0351319	0.0760513	0.0931247	0.080419	0.1395892	0.3173588	0.5898237	0.3444746	0.5464726	0.5131806	0.5824598	0.4849078	0.5011397	0.3311316
G8	0.0667846	0.0904649	0.0993237	0.0495047	0.0374606	0.0620774	0.0383961	0.0352075	0.0227559	0.0053364	0.0133541	0.0383172	0.1189546	0.1694391	0.1342431	0.1072697	0.0627897	0.0595662	0.058901	0.0521728	0.0557586
G9	0.5576594	0.6184668	0.5087935	0.4486938	0.3025347	0.2824997	0.3304288	0.3734019	0.4226477	0.2859506	0.3565068	0.3574595	0.5059536	0.6584306	0.5604299	0.7451328	0.4628155	0.6455245	0.6499623	0.6758679	0.6467725
G10	0.3017823	0.255418	0.3014535	0.2976237	0.3953176	0.5507088	0.542806	0.7441377	0.6130863	0.6020619	0.7708375	0.6146578	0.5823385	0.4531066	0.3727543	0.308161	0.2917787	0.2011113	0.2037904	0.2498878	0.1784945
G11	0.4337159	0.519675	0.5888221	0.6736612	0.5989502	0.6464808	0.6944179	0.7031579	0.6760801	0.6506512	0.7079649	0.6088708	0.4605061	0.3293261	0.4279127	0.5711364	0.5798156	0.600556	0.6648486	0.6903809	0.5586181
G12	0.613409	0.5727369	0.6237917	0.6639472	0.6821568	0.7654201	0.7159241	0.7422102	0.7598465	0.6949427	0.6807388	0.5739605	0.6568235	0.5589969	0.3965872	0.3204552	0.4796623	0.6452292	0.4921052	0.5445619	0.4009383
G13	0.5795097	0.5522243	0.5775933	0.5637536	0.6617682	0.683445	0.6682668	0.8419429	0.6898738	0.6940116	0.6051669	0.6721677	0.5274688	0.3416164	0.3195915	0.3265091	0.398963	0.444279	0.5701252	0.551311	0.4938779
G14	0.3648264	0.3312539	0.4432533	0.5484152	0.6306419	0.5438397	0.5097179	0.6926159	0.6313106	0.6390173	0.7657316	0.7281666	0.4681612	0.4663067	0.2674859	0.1663385	0.2479111	0.2378706	0.3123162	0.3358773	0.2670909
G15	0.6336229	0.7049008	0.7443949	0.6463704	0.7365783	0.7346531	0.6392906	0.620819	0.763909	0.6552207	0.6565595	0.7206988	0.7118098	0.5825884	0.5361774	0.6130222	0.5677334	0.6204694	0.6600477	0.6768725	0.6669718
G16	0.1453489	0.1297008	0.0924576	0.1113362	0.1051859	0.109037	0.1244698	0.0928082	0.1905515	0.1214579	0.1168514	0.2411353	0.2679798	0.2512291	0.2618342	0.2478142	0.2160172	0.1859699	0.1721883	0.2453359	0.1720149
G17	0.3782453	0.5504387	0.3157767	0.3182104	0.4123671	0.6350423	0.5670511	0.5987986	0.6075469	0.5358455	0.5544493	0.6146675	0.5477478	0.5467648	0.4627213	0.4480095	0.3021833	0.3481939	0.3061452	0.4498164	0.3231486
G18	0.3558709	0.4091572	0.3488359	0.3796985	0.3724162	0.34761	0.3138262	0.3474438	0.4442699	0.3705789	0.3609589	0.3501152	0.3908381	0.3805049	0.4280086	0.4533157	0.332364	0.3654235	0.4167307	0.3740712	0.3338528
G19	0.1387406	0.2981304	0.4983488	0.4935878	0.6496604	0.5273266	0.5056796	0.4621178	0.4712078	0.4786747	0.5169781	0.2017437	0.1177625	0.132993	0.138713	0.1442916	0.2458986	0.2724566	0.2164258	0.1950673	0.1402737
G20	0.6776651	0.7153684	0.6917193	0.6070387	0.6128228	0.712883	0.6199	0.4041978	0.1814303	0.0740157	0.0498311	0.2943195	0.6665402	0.7450377	0.8028328	0.7155793	0.7258761	0.6856045	0.7257344	0.718249	0.6670484
G21	0.2998897	0.1191564	0.045355	0.0202226	0.0065874	0.000283	0.0019432	0.0001985	0.0007006	0.0011135	0.0010998	0.2029127	0.3409409	0.3391474	0.4810739	0.3015998	0.2442676	0.2596702	0.2270082	0.2725647	0.3062885
G22	0.0171264	0.4552133	0.6735825	0.5701725	0.6418557	0.4623832	0.5919019	0.5836926	0.5581326	0.4944176	0.4537756	0.1003844	0.0938114	0.0773605	0.06101	0.0587192	0.0375278	0.0292772	0.0241525	0.0357181	0.016959
G23	0.6125581	0.6640762	0.5708829	0.751183	0.6471504	0.7046754	0.6335532	0.7114734	0.6100754	0.704468	0.690937	0.6729225	0.8068666	0.559817	0.8280211	0.5825049	0.7240779	0.6259743	0.6707006	0.7881627	0.7387094
G24	0.3466643	0.3024397	0.3385272	0.3905504	0.4155621	0.3656064	0.3365368	0.4369504	0.4042751	0.3914346	0.3149877	0.3125894	0.2997443	0.3564479	0.4461111	0.4400033	0.364821	0.4163703	0.3244669	0.4653681	0.3776017
G25	0.0222521	0.0274667	0.0089726	0.0224155	0.0262991	0.0285553	0.024973	0.0143828	0.0461089	0.0361573	0.036393	0.0231206	0.0222927	0.0252155	0.0146522	0.0307239	0.0262727	0.0263301	0.0157509	0.0196603	0.0395961
G26	0.046242	0.059956	0.0523541	0.1767936	0.1679051	0.2320992	0.2682262	0.2299273	0.3133175	0.2668026	0.2731682	0.2109714	0.1105288	0.0286752	0.0519852	0.0413928	0.0314796	0.0097563	0.0197247	0.0330232	0.0204594
G27	0.1680603	0.0440848	0.0436493	0.0391046	0.0418851	0.0180368	0.0349918	0.0288181	0.0370521	0.0444654	0.0253114	0.1626268	0.2007891	0.2347767	0.1588903	0.1945782	0.1351041	0.1663977	0.1188126	0.1146553	0.1743628
G28	0.5757096	0.5879849	0.712919	0.646284	0.5726782	0.6579143	0.6177325	0.6156167	0.6391768	0.711203	0.6692114	0.5564675	0.7110712	0.7997125	0.7908905	0.6390014	0.6483407	0.6149894	0.6380538	0.6174172	0.7003248
G29	0.5340353	0.5886209	0.53495	0.5135459	0.4710934	0.4709501	0.462764	0.5454947	0.4130309	0.3709716	0.4033766	0.4408285	0.3724736	0.4418485	0.3972482	0.4421591	0.5108032	0.6142596	0.5701786	0.4314614	0.5618346
G30	0.7052846	0.1620759	0.0744775	0.0219683	0.0294047	0.0208231	0.0413992	0.037153	0.0141137	0.0231047	0.0138016	0.5181487	0.6093168	0.6916667	0.6682443	0.6960095	0.5581798	0.6684919	0.7658501	0.7216684	0.6725095
G31	0.4518034	0.5138012	0.6136418	0.6259558	0.6852161	0.6733255	0.6418403	0.5680396	0.6931676	0.5658998	0.7277336	0.6060725	0.5709961	0.5021853	0.4651666	0.404911	0.4390219	0.4240309	0.4049429	0.4255024	0.3433776
G32	0.6987601	0.615354	0.6888077	0.7237549	0.7217658	0.5290454	0.608986	0.6094538	0.6012572	0.6973169	0.6630907	0.7771865	0.7612085	0.7384104	0.6203531	0.636116	0.5190597	0.6081563	0.5173068	0.6922087	0.5841978
G33	0.0947528	0.0603099	0.0389472	0.0994535	0.0736877	0.1344786	0.0864179	0.0758471	0.1342732	0.1258921	0.1370533	0.1406223	0.1285235	0.0954875	0.1304876	0.0978946	0.0928275	0.0850877	0.0888012	0.1095549	0.0978425
G34	0.6222602	0.6502554	0.633603	0.6629723	0.6866472	0.7317408	0.5855589	0.627386	0.6516635	0.5321903	0.7123708	0.7018028	0.7354758	0.6539617	0.6698862	0.542522	0.7234206	0.8683868	0.7584126	0.6092213	0.682459
G35	0.6745197	0.4924913	0.3542108	0.1736008	0.1520746	0.0864435	0.0539265	0.0447557	0.0560816	0.0674692	0.0280698	0.2752106	0.4496978	0.5034944	0.7197648	0.5260791	0.5837649	0.5151665	0.5952282	0.470288	0.5387443
G36	0.2685495	0.2922228	0.2696399	0.3368425	0.4385905	0.4151909	0.3826648	0.3289463	0.3678848	0.4017207	0.2810331	0.2995191	0.3475702	0.3309358	0.2818863	0.3357157	0.3666907	0.2978919	0.3487483	0.3397119	0.3780608
G37	0.4806263	0.432587	0.4765065	0.40097	0.4158616	0.473803	0.3871699	0.3853894	0.3580418	0.3313305	0.3183864	0.369435	0.406537	0.3596763	0.348405	0.4842291	0.3809546	0.4288948	0.3986449	0.3677353	0.5083742
G38	0.5153443	0.4266235	0.431901	0.6920815	0.5036329	0.4369078	0.3995152	0.470125	0.5118534	0.4528949	0.4985564	0.4399186	0.466309	0.4834988	0.5393856	0.398722	0.4914909	0.4949114	0.4727204	0.4875015	0.5006001
G39	0.4329442	0.6944501	0.631024	0.6807758	0.6379566	0.5420794	0.5816185	0.6196016	0.6911298	0.6428739	0.6379714	0.4549339	0.5952759	0.5608963	0.5132895	0.4896462	0.5172357	0.4181211	0.3435052	0.4540941	0.4515582
G40	0.3536801	0.3590103	0.3046854	0.2743297	0.3533259	0.3537455	0.3351597	0.3195094	0.3268152	0.2852485	0.2930178	0.2709414	0.3145141	0.2754274	0.3527529	0.343487	0.4076585	0.3305241	0.3762316	0.3374117	0.3186065
G41	0.0381772	0.0154399	0.0132781	0.0235233	0.0153013	0.0056814	0.0071578	0.0131178	0.0113147	0.0146854	0.0240879	0.02233	0.0232245	0.0248608	0.0435953	0.089271	0.0346234	0.0098951	0.0151024	0.0382161	0.018818
G42	0.2449658	0.3508305	0.3206912	0.2591004	0.2944722	0.2557122	0.2659235	0.2047778	0.1758375	0.2250387	0.1918834	0.3138317	0.3289818	0.4554056	0.401387	0.3432407	0.2784553	0.3548329	0.2889789	0.21925	0.2781925
G43	0.23314	0.2639675	0.1938475	0.1860474	0.241883	0.2473799	0.1950365	0.2172548	0.2855301	0.2619859	0.2574241	0.203938	0.2375253	0.1623432	0.1293122	0.226857	0.1718106	0.2165693	0.2461506	0.2647499	0.2080031
G44	0.6879406	0.7800619	0.6838338	0.6086429	0.3797181	0.2530881	0.1764732	0.130219	0.1110135	0.1319016	0.1845447	0.5048438	0.6394747	0.7063393	0.6429699	0.6250372	0.6544418	0.7139257	0.645099	0.7423339	0.6857761
G45	0.6203388	0.8549757	0.6184823	0.4666881	0.4200217	0.2406366	0.154462	0.111882	0.1025707	0.1385057	0.0765007	0.286793	0.4915049	0.6247236	0.6235901	0.6029723	0.6874532	0.7087529	0.6393003	0.7228569	0.635158
G46	0.0032431	0.0036979	0.0064226	0.0082795	0.0170424	0.0178827	0.0089234	0.0154259	0.0020621	0.0134247	0.029141	0.0217329	0.0044457	0.0043091	0.0074223	0.0029972	0.0096064	0.0050646	0.0248204	0.0158802	0.0098576
G47	0.1535685	0.0994759	0.0944085	0.1313624	0.1396063	0.1733579	0.1730238	0.1940907	0.1693091	0.1363017	0.20777	0.3445332	0.298884	0.22837	0.1818772	0.2354525	0.1670945	0.1611816	0.1429415	0.0851777	0.1744251
G48	0.433553	0.3389788	0.3363002	0.2971508	0.3388671	0.2777389	0.3573419	0.4581779	0.2722705	0.3604687	0.3998448	0.6104443	0.5089988	0.6399535	0.6268901	0.5624878	0.5092788	0.4237242	0.4229269	0.4860205	0.5054572
G49	0.413182	0.410964	0.3803735	0.4123693	0.5155418	0.5425678	0.642732	0.5677482	0.619	0.5660009	0.4879575	0.3484118	0.2997336	0.2684512	0.2780924	0.2595283	0.3712893	0.4222623	0.4614473	0.3950748	0.4176725
G50	0.3872819	0.4247033	0.5423036	0.7023007	0.6660787	0.7084982	0.6522297	0.5935329	0.7670566	0.7467967	0.6290302	0.6476867	0.4135891	0.3330082	0.3105213	0.3307772	0.4834034	0.573469	0.4868966	0.3800222	0.4284902
G51	0.1824176	0.1678958	0.2470987	0.17809	0.1825209	0.1201828	0.0901095	0.1243908	0.1371822	0.1016023	0.1307145	0.0950952	0.1652644	0.3588002	0.2524044	0.2673931	0.2279129	0.2497022	0.2505319	0.2287107	0.2542789
G52	0.7010787	0.6745467	0.6416448	0.7643085	0.6523288	0.643143	0.5965656	0.7180445	0.6917879	0.6759534	0.6614199	0.6438536	0.6226537	0.6601499	0.5412199	0.6289231	0.6886103	0.6612791	0.7018301	0.6746467	0.7082257
G53	0.0634885	0.1040942	0.0446607	0.02929	0.0140507	0.0040285	0.0025275	0.007436	0.0020535	0.0081007	0.0092266	0.0628483	0.1057091	0.1096216	0.1485382	0.1324678	0.1472654	0.1113441	0.0936671	0.0848054	0.0784578
G54	0.4679829	0.3445227	0.1862843	0.1488124	0.1330104	0.13534	0.1369843	0.0803197	0.0519771	0.1157627	0.0941241	0.3462808	0.6018046	0.6648143	0.5659798	0.6605846	0.4505526	0.4948733	0.4033479	0.4247836	0.5435379
G55	0.6104913	0.4640713	0.4259641	0.396887	0.3289303	0.1595458	0.1312082	0.1285244	0.1348945	0.1694923	0.2069043	0.405753	0.5599937	0.611918	0.4729484	0.63352	0.5571997	0.6483371	0.5453381	0.5120068	0.5766005
G56	0.1037835	0.0995434	0.1852767	0.3288471	0.3539869	0.4493465	0.5292856	0.4333822	0.5036395	0.4304276	0.4502435	0.3058024	0.1260679	0.1268972	0.0644462	0.0888219	0.1176468	0.0411956	0.0841324	0.0749964	0.1912859
G57	0.4247624	0.404574	0.3358006	0.2383214	0.155752	0.1278116	0.1338857	0.1597858	0.1371831	0.1729766	0.1542801	0.2761929	0.3116822	0.5393155	0.4888053	0.5221985	0.4332645	0.5105783	0.3979635	0.3646183	0.4787534
G58	0.5751916	0.4993129	0.3176611	0.1867408	0.1853423	0.0511159	0.0534466	0.0890499	0.0794453	0.0982087	0.1487662	0.349992	0.5023392	0.5036879	0.5691189	0.5778139	0.5615454	0.5406728	0.5078257	0.5016668	0.5012232
G59	0.6595521	0.6740692	0.5144235	0.3751018	0.4757539	0.3802485	0.4037495	0.470532	0.4330971	0.5048842	0.4024527	0.475966	0.6140004	0.5791706	0.7655113	0.6148658	0.6636627	0.6363489	0.5772574	0.5915148	0.6435451
G60	0.5534757	0.6592196	0.6370625	0.6612699	0.5948483	0.5463318	0.6587776	0.7444604	0.7181168	0.5838003	0.6286104	0.4782899	0.5224661	0.5127838	0.5156465	0.512497	0.7053989	0.5297559	0.6051797	0.5388255	0.4892366
G61	0.4871788	0.6231946	0.6842652	0.7984674	0.6452352	0.7446876	0.7581258	0.5861815	0.6169662	0.7063112	0.5766341	0.3487155	0.3496595	0.5002431	0.543652	0.5592935	0.6911211	0.5486834	0.551543	0.5712297	0.6383234
G62	0.7538295	0.694693	0.6977278	0.6358227	0.6496291	0.6082102	0.732803	0.5339906	0.6040405	0.6734453	0.7430468	0.6449503	0.590824	0.6233784	0.6579976	0.6768903	0.7059042	0.6702926	0.6907931	0.6732031	0.6462356
G63	0.3745897	0.3876629	0.3669842	0.1952166	0.172875	0.1793478	0.1735694	0.161141	0.2013725	0.1635782	0.1335748	0.2903334	0.2403393	0.3025814	0.3849466	0.3740349	0.2745216	0.3582895	0.4175427	0.418319	0.3515348
G64	0.3069447	0.1973659	0.2486829	0.2060313	0.2701004	0.2363554	0.280035	0.2199264	0.2502099	0.2183372	0.2538255	0.149912	0.1170099	0.3777025	0.2298928	0.231418	0.2624014	0.2188502	0.2307679	0.2490901	0.1852512
G65	0.2349694	0.1878436	0.2596115	0.2137238	0.2633876	0.3298831	0.2368273	0.1928095	0.2837144	0.1912453	0.2506109	0.2455238	0.1822877	0.2681057	0.2296208	0.3551809	0.2400053	0.2684405	0.2195897	0.2160221	0.2353298
G66	0.471185	0.6455521	0.5034581	0.482498	0.555408	0.5447569	0.4156289	0.5520295	0.4863748	0.5616686	0.5183619	0.4582669	0.4553631	0.4371692	0.5194879	0.4197045	0.6143822	0.3730862	0.4896539	0.4069873	0.4988218
G67	0.2221653	0.1840965	0.2614634	0.2712233	0.2912549	0.2568871	0.2045908	0.3242058	0.3300292	0.2782746	0.3477773	0.2780822	0.3092653	0.3084452	0.3618929	0.3030044	0.3290571	0.264716	0.2689149	0.3540799	0.2944213
G68	0.1800847	0.2269853	0.1672593	0.276918	0.260798	0.1644264	0.2543237	0.2199056	0.2804522	0.321486	0.2899759	0.217371	0.3485243	0.2892292	0.2603818	0.2557813	0.2275741	0.2112448	0.2454089	0.2346408	0.1855515
G69	0.6700878	0.5575369	0.6402062	0.6361618	0.5887797	0.5882441	0.6265146	0.5691209	0.5782839	0.4966587	0.5271383	0.7049683	0.6460587	0.5931235	0.4415787	0.5950724	0.762601	0.660637	0.6369777	0.7014776	0.7215962
G70	0.1909149	0.1938564	0.1506393	0.1515752	0.2299061	0.2279653	0.1816091	0.183238	0.2130208	0.273719	0.2321138	0.1732604	0.1818027	0.2558052	0.1761171	0.1491584	0.1780281	0.1447246	0.2072545	0.2093297	0.2075866
G71	0.1354062	0.0637456	0.0578929	0.0488425	0.0401327	0.0674249	0.0587722	0.0529222	0.0462461	0.0727336	0.0669586	0.1265601	0.1901429	0.2164378	0.1558873	0.1022865	0.1635434	0.1538078	0.1869825	0.2129922	0.1590491
G72	0.1542003	0.1128635	0.1774093	0.1441179	0.1743692	0.1612215	0.1385917	0.1662	0.2412333	0.3663977	0.2496028	0.1959639	0.1939396	0.1908966	0.2033128	0.2347835	0.1901625	0.1403864	0.2147335	0.1463805	0.1904466
G73	0.1175156	0.0957052	0.0787456	0.1102633	0.1633833	0.1276446	0.1253511	0.1731687	0.1963847	0.2292336	0.1983258	0.2543659	0.211755	0.2018618	0.1934158	0.2123812	0.165556	0.2093211	0.1360912	0.1298774	0.1458029
G74	0.3731502	0.3188553	0.2906112	0.2967296	0.3682877	0.477227	0.4430266	0.4214211	0.4911056	0.4562357	0.5747451	0.3638228	0.462311	0.4251446	0.4288654	0.4488356	0.4985677	0.4635691	0.4192587	0.39036	0.3810809
G75	0.2979821	0.380707	0.3456959	0.3512955	0.3579768	0.4347218	0.361225	0.3516095	0.3538843	0.2900862	0.4299864	0.4550952	0.4339225	0.4834937	0.3938338	0.4070283	0.5078283	0.3536662	0.2980798	0.3616892	0.3625043
G76	0.2136624	0.1477262	0.1730385	0.1285366	0.1135078	0.1735378	0.1716402	0.1360206	0.1679601	0.21151	0.1539635	0.181052	0.1994002	0.1718753	0.1685106	0.2126438	0.1542854	0.1582749	0.1158527	0.1403748	0.1694984
G77	0.0068575	0.0061835	0.000331	0.0016292	0.0029317	0.0038349	0.0004693	0.0003963	0.0000387	0.0021531	0.0017753	0.0030081	0.0018355	0.0058004	0	0.0001486	0.0009889	0.0025831	0.0019363	0.0035815	0.0026404
G78	0.4386782	0.4796495	0.4604098	0.3995994	0.4109085	0.4639123	0.4340288	0.4114624	0.3525728	0.4207969	0.3912043	0.4129468	0.4694291	0.3869358	0.5988987	0.3786209	0.48014	0.4478435	0.4109694	0.3951024	0.396313
G79	0.5817622	0.3755444	0.3558524	0.4150549	0.3757556	0.4589571	0.3950455	0.4261564	0.4313835	0.3985884	0.4696999	0.6280934	0.6979701	0.4649549	0.6122953	0.5384276	0.5310461	0.5146994	0.6332608	0.5246489	0.5620441
G80	0.1484235	0.0435885	0.0148139	0.013613	0.0549147	0.0149875	0.0259753	0.0096493	0.0116853	0.0017795	0.0050594	0.113361	0.1379261	0.1502289	0.1770717	0.1543364	0.1642565	0.2104624	0.2009808	0.1659351	0.2245456
G81	0.3432726	0.3305781	0.4118228	0.2268158	0.2118385	0.2081663	0.3265535	0.2614904	0.2484374	0.2234688	0.2845313	0.2627833	0.346784	0.3889431	0.3083618	0.4223573	0.3119512	0.3351579	0.337094	0.2966294	0.3713335
G82	0.2746586	0.451415	0.5902858	0.5292647	0.5329161	0.5640111	0.5951771	0.5225807	0.4999991	0.5162252	0.6206403	0.268973	0.2821781	0.2868638	0.2186611	0.2294731	0.2782816	0.3009145	0.2784963	0.2336849	0.2915797
G83	0.3963258	0.4917862	0.4081191	0.4202209	0.3284476	0.340664	0.3960891	0.2896942	0.4209874	0.3780713	0.3958136	0.5720738	0.3799412	0.5600818	0.4648672	0.5484458	0.4490078	0.4639821	0.5715812	0.4438887	0.5704936
G84	0.1348439	0.0756406	0.0635117	0.05665	0.0240659	0.0351401	0.0436974	0.045422	0.0323917	0.0339113	0.0454647	0.0370383	0.080324	0.1262307	0.1069926	0.1140106	0.1188118	0.1283953	0.1353118	0.1172635	0.159362
G85	0.3116199	0.0911514	0.0477642	0.031358	0.0198817	0.023331	0.0041201	0.005258	0.0364935	0.0072318	0.007206	0.288383	0.3316934	0.3706879	0.3388937	0.3079424	0.3506885	0.3503671	0.3061654	0.3552077	0.3471346
G86	0.6154348	0.6982683	0.5439164	0.654916	0.6557634	0.6343836	0.6161821	0.6356645	0.6377207	0.6716002	0.7781485	0.7470875	0.6428592	0.6529843	0.8801423	0.693434	0.7692446	0.9137022	0.6398734	0.6210056	0.6421684
G87	0.2130276	0.1114511	0.0744344	0.172354	0.091225	0.1090289	0.1501699	0.1263441	0.1425419	0.1369561	0.1199311	0.2409747	0.2557975	0.2440157	0.2494961	0.2787156	0.1701905	0.187232	0.2191885	0.2419042	0.2597718
G88	0.5370577	0.4285748	0.5167725	0.4630926	0.3105551	0.2020679	0.2230248	0.157595	0.1890177	0.1648849	0.2199404	0.3828661	0.4718527	0.5783074	0.5393001	0.4991663	0.5665099	0.647231	0.4851258	0.5815546	0.5637074
G89	0.5117415	0.4277589	0.4506826	0.3353033	0.2123745	0.1839887	0.1369748	0.1430406	0.1466644	0.1250118	0.1777665	0.2179782	0.3278392	0.4034467	0.4940001	0.4994396	0.5679792	0.5935643	0.5659377	0.4832258	0.4359693
G90	0.7235524	0.6337457	0.5701656	0.8028655	0.7565509	0.6408308	0.8266142	0.6315078	0.7485012	0.6066939	0.5663141	0.7593913	0.6319599	0.6002513	0.7100746	0.5454024	0.6435378	0.629803	0.5249829	0.5943753	0.6270848
G91	0.3412372	0.2700353	0.3576958	0.293778	0.3239131	0.2928308	0.3797568	0.3343313	0.2784112	0.2686676	0.2872775	0.3014326	0.2467881	0.3758373	0.3642337	0.314483	0.3207318	0.3518724	0.3385811	0.35065	0.3593442
G92	0.3707047	0.3202374	0.2350638	0.1740324	0.143597	0.1653548	0.0761572	0.1293159	0.0976774	0.062675	0.1141211	0.1064066	0.2327031	0.2825532	0.3351588	0.3273712	0.3321924	0.4684228	0.3508309	0.3524523	0.3162596
G93	0.5193681	0.5100756	0.4032865	0.3744445	0.2295116	0.108544	0.1219219	0.0842813	0.0598482	0.0324225	0.0532302	0.0567847	0.1195735	0.2488688	0.3875297	0.4984903	0.4715336	0.5641584	0.4734886	0.5151337	0.6143219
G94	0.6259205	0.6983746	0.5654367	0.5663707	0.6848919	0.519775	0.6561116	0.7349281	0.595005	0.6096366	0.5603125	0.6594442	0.6433076	0.6849577	0.7828151	0.6631999	0.7287794	0.6996203	0.7026773	0.5737291	0.5858141
G95	0.6907295	0.7168391	0.6760436	0.6361716	0.6423433	0.629218	0.7874038	0.582572	0.6323413	0.5824541	0.7949997	0.6930034	0.75828	0.6252995	0.7573516	0.4895014	0.6538868	0.6269758	0.6815865	0.6962887	0.5464098
G96	0.5740452	0.2707357	0.1838172	0.1725737	0.1730791	0.2479137	0.2345544	0.1971274	0.1413843	0.2114426	0.2359028	0.5927548	0.5702378	0.6558719	0.5996203	0.6221892	0.7105489	0.7798916	0.594805	0.6097756	0.5914152
G97	0.2639711	0.201578	0.1694563	0.1172855	0.1227923	0.075324	0.122389	0.0773319	0.0824312	0.1613805	0.0727052	0.0771134	0.1723537	0.1988803	0.1953402	0.2607871	0.228715	0.2448149	0.313282	0.2683027	0.2564697
G98	0.6982051	0.7656222	0.6704368	0.5715024	0.5303014	0.7084027	0.7427418	0.7001154	0.6698912	0.7251514	0.6839269	0.5870744	0.6652801	0.694797	0.7731881	0.5810544	0.6134005	0.5628548	0.6572561	0.6306917	0.6422762
G99	0.7093223	0.605458	0.757195	0.6333776	0.6572462	0.655327	0.7172374	0.5585391	0.6858734	0.630336	0.7025782	0.6117547	0.6741596	0.7645238	0.6635243	0.656058	0.555982	0.7507375	0.5714851	0.7769412	0.6888659
G100	0.6611915	0.6818511	0.6029798	0.6456778	0.7427447	0.611485	0.5929977	0.685966	0.693265	0.5541273	0.5504479	0.687291	0.6080663	0.6852543	0.617292	0.6401029	0.6796799	0.6207691	0.7041609	0.7672171	0.5775987
