ID	0	50	100	150	200	250	300	350	400	450	500	550	600	650	700	750	800	850	900	950	1000
G1	0.777922	0.6603353	0.5348525	0.4006239	0.3780674	0.3823145	0.3860614	0.4422793	0.489487	0.4989874	0.5276367	0.6180579	0.5669884	0.5085251	0.6760795	0.7437624	0.669618	0.6277176	0.6103532	0.6508006	0.8046613
G2	0.0960935	0.0728512	0.0505707	0.0408759	0.0683492	0.0797074	0.0687364	0.0823272	0.0993637	0.0712278	0.1192193	0.1114586	0.1083545	0.0668931	0.0772662	0.0977414	0.0836689	0.1042159	0.0942382	0.0632944	0.0645014
G3	0.414197	0.459267	0.6527802	0.7584012	0.5357407	0.8231193	0.6555358	0.5744216	0.5669698	0.6607977	0.6362259	0.4792692	0.4433069	0.5438619	0.5648088	0.4675327	0.3499229	0.4814848	0.3382432	0.4656264	0.557271
G4	0.6353475	0.5308865	0.4072282	0.4905863	0.5745752	0.3743185	0.4980038	0.6269843	0.4799582	0.4353327	0.5836918	0.2221445	0.4805714	0.521774	0.5107042	0.4946592	0.4615073	0.4240424	0.4367691	0.4647027	0.5152338
G5	0.3481984	0.1103158	0.0394982	0.0374638	0.073383	0.089067	0.0579912	0.0898732	0.1559931	0.0677433	0.0786961	0.2943551	0.3500202	0.2840123	0.2671376	0.3123796	0.276075	0.2529722	0.2992514	0.3816875	0.2567481
G6	0.3258134	0.3351405	0.430383	0.4722888	0.5291059	0.51879	0.4880632	0.5119741	0.4160603	0.6428903	0.5634678	0.4118081	0.3949934	0.3396541	0.3391156	0.4073016	0.4046306	0.4485955	0.5082082	0.4563914	0.4713466
G7	0.4757321	0.6235404	0.4443079	0.4328285	0.3442495	0.4048964	0.4597698	0.54504	0.4435156	0.382858	0.4505937	0.4224644	0.4020226	0.388168	0.4524492	0.5173036	0.3883726	0.4251962	0.4079215	0.4394099	0.4433876
G8	0.0761164	0.0583247	0.0667832	0.0715987	0.1362308	0.2061588	0.1890804	0.2185206	0.1823786	0.1884698	0.1605479	0.1209376	0.1391518	0.0669374	0.024358	0.0876564	0.0850127	0.0422378	0.0523455	0.0902399	0.0667267
G9	0.558935	0.5327574	0.4559176	0.4882387	0.4658622	0.4319582	0.4268027	0.565242	0.4191675	0.4334016	0.5058429	0.5787253	0.6521422	0.5868901	0.6010917	0.5650396	0.5836204	0.7103026	0.5713314	0.5721356	0.7196787
G10	0.2786833	0.1898638	0.2233876	0.2671909	0.4351682	0.435652	0.4266454	0.3483129	0.4330793	0.4434392	0.364155	0.3523027	0.3550228	0.2420231	0.2557308	0.205477	0.2720841	0.1973514	0.2902344	0.3034227	0.2263211
G11	0.4349747	0.6610132	0.673716	0.6811231	0.5747956	0.6779003	0.6923811	0.7331357	0.6664853	0.5809833	0.7899144	0.7307615	0.5906316	0.6834399	0.6541386	0.4709529	0.6249023	0.5444092	0.5291511	0.5923349	0.5604774
G12	0.440654	0.6477036	0.51839	0.7135358	0.7326773	0.6487512	0.6462537	0.5455905	0.5215124	0.5842609	0.7373314	0.6095526	0.6121132	0.6445649	0.5141928	0.5315302	0.5706461	0.5052034	0.590039	0.5607881	0.4754333
G13	0.5507701	0.5815749	0.62933	0.5553212	0.7205338	0.5751659	0.5364702	0.6502435	0.5368963	0.6027525	0.6066153	0.5972849	0.6184733	0.6154375	0.4440103	0.4801496	0.4950096	0.5254698	0.619064	0.5762748	0.5777766
G14	0.3040474	0.2449496	0.314105	0.4199379	0.4524175	0.5000728	0.561094	0.6884269	0.3975695	0.4620561	0.482775	0.4254544	0.4185697	0.4823326	0.3396856	0.4425067	0.3879579	0.2879467	0.3283621	0.2610343	0.3449816
G15	0.5392325	0.3277654	0.2331178	0.3326947	0.2439603	0.2874641	0.350875	0.2056039	0.2717403	0.2408558	0.2199246	0.6808171	0.5174553	0.5421064	0.5826102	0.6774613	0.5152367	0.5994745	0.6396308	0.6088486	0.6590799
G16	0.158461	0.0703799	0.0115856	0.0220157	0.0035012	0.0184679	0.029319	0.0082318	0.0206011	0.0037492	0.0153659	0.1461733	0.1419065	0.1956505	0.2048781	0.2400191	0.1233202	0.2228349	0.1725138	0.1651603	0.1876082
G17	0.4494001	0.3532692	0.2148687	0.1278279	0.1732748	0.2061621	0.1984789	0.3326055	0.2676256	0.2314181	0.0999048	0.2144457	0.2739106	0.2840372	0.4923798	0.515465	0.3943823	0.3548733	0.3098998	0.3234634	0.3560168
G18	0.4598297	0.3614446	0.4223815	0.3672169	0.2678749	0.3599197	0.4062742	0.3568786	0.4509088	0.4208102	0.387224	0.4502693	0.4592545	0.3432051	0.4190271	0.450596	0.4368686	0.3986655	0.3437975	0.4894491	0.4283715
G19	0.2085438	0.251011	0.3545305	0.33464	0.3984121	0.3551006	0.3950568	0.2641422	0.4291877	0.3054244	0.4137977	0.2587348	0.1264271	0.1850558	0.1643776	0.1278855	0.176741	0.1995009	0.193885	0.1595496	0.2517027
G20	0.6604122	0.6470915	0.6974585	0.6978316	0.5359606	0.6706464	0.5771167	0.653857	0.5441092	0.6637241	0.5737675	0.592165	0.6153306	0.7565739	0.6849682	0.6811517	0.6873201	0.6354916	0.6637536	0.696173	0.668515
G21	0.2223662	0.249996	0.0935758	0.0987985	0.094064	0.0895771	0.0926787	0.0592686	0.0478963	0.1207376	0.0915176	0.2374579	0.2667431	0.2777038	0.2650943	0.2385559	0.2816679	0.2181166	0.2467736	0.2205411	0.1682425
G22	0.033252	0.1292387	0.1537828	0.1637781	0.1681172	0.1462803	0.1502046	0.1123012	0.1369587	0.1146859	0.1166568	0.0431265	0.0259286	0.0554083	0.0366558	0.0476655	0.0226224	0.0106216	0.0354595	0.0229191	0.0101141
G23	0.8319516	0.793964	0.7479405	0.6090488	0.7046349	0.7306301	0.626074	0.7016263	0.6645274	0.5794111	0.658585	0.7236656	0.5035087	0.6305737	0.7401604	0.744626	0.838541	0.7707674	0.7209578	0.7180583	0.7066664
G24	0.3724066	0.3414742	0.3209882	0.4110083	0.4060839	0.3765069	0.3771747	0.3050316	0.4096989	0.3365567	0.4072183	0.3585534	0.4582072	0.3937575	0.4608639	0.3941285	0.3521528	0.3388436	0.2667677	0.3335439	0.4269691
G25	0.0113849	0.0235196	0.0358634	0.0260816	0.0156958	0.0326289	0.0090068	0.0214535	0.0336234	0.0184213	0.030611	0.0156996	0.0111689	0.018182	0.0215307	0.0177736	0.0278738	0.0371298	0.0527005	0.0203237	0.0319889
G26	0.0211077	0.0245683	0.0100947	0.0093908	0.0081378	0.0310474	0.0455733	0.009979	0.0292417	0.0268353	0.0267239	0.0148744	0.0384143	0.0290584	0.0634697	0.0611393	0.0181026	0.0276178	0.0333575	0.0433572	0.041523
G27	0.1422453	0.144649	0.0809242	0.0730009	0.0704166	0.0648045	0.1045453	0.0997148	0.0902534	0.0696016	0.0653151	0.0989627	0.0944202	0.1610124	0.1309198	0.1684871	0.1405772	0.1064044	0.1514867	0.192016	0.1153899
G28	0.7520429	0.6128068	0.7295363	0.6059656	0.6633342	0.5737831	0.6943101	0.6611099	0.7061613	0.6719915	0.6956158	0.5261737	0.5525898	0.7242891	0.6212292	0.6599012	0.6361023	0.5268796	0.6985645	0.5917572	0.707134
G29	0.5522931	0.5637186	0.4943976	0.4957403	0.452194	0.5116726	0.5083863	0.4070223	0.4465946	0.4294504	0.441433	0.5528814	0.5334506	0.5533789	0.4894196	0.6533859	0.4904307	0.4876316	0.4613687	0.486723	0.5562991
G30	0.6788281	0.6885862	0.6569113	0.6433301	0.6376374	0.675124	0.7722004	0.7183995	0.6456096	0.6073886	0.6201718	0.7222538	0.6703201	0.7137663	0.7394665	0.6412531	0.5837499	0.5892309	0.6964064	0.6754021	0.5435938
G31	0.3883226	0.3519502	0.4346816	0.3544408	0.3921875	0.4230805	0.3362693	0.3972351	0.3464543	0.3436463	0.3493794	0.4095186	0.4457543	0.3770663	0.4421933	0.3931518	0.3710098	0.395986	0.5150298	0.3414889	0.4428955
G32	0.7458464	0.6377577	0.6624988	0.6733051	0.6478469	0.6443274	0.5776239	0.6914672	0.7930725	0.6794372	0.6223037	0.6509624	0.6303292	0.6628042	0.7394316	0.710932	0.6518981	0.6514904	0.6850426	0.7553663	0.7515445
G33	0.0972539	0.0755338	0.0753612	0.0805862	0.0648157	0.0494499	0.048389	0.0569776	0.0865438	0.0436011	0.0762863	0.0531564	0.0586069	0.0860509	0.1236868	0.1838269	0.1538295	0.092955	0.0773832	0.081376	0.072831
G34	0.7330561	0.6570846	0.6879449	0.5821438	0.6815524	0.5804309	0.6837468	0.5692017	0.6652281	0.753383	0.58813	0.6204049	0.5730846	0.6261183	0.6596085	0.5903342	0.7470465	0.7190759	0.5998874	0.6603522	0.6534796
G35	0.5509219	0.5513017	0.5160527	0.3415994	0.3040014	0.3608922	0.2431185	0.3561235	0.3470393	0.3421922	0.353186	0.4144621	0.5164297	0.5161806	0.5297182	0.5233697	0.5505556	0.4794485	0.5426965	0.5030998	0.6053916
G36	0.3181016	0.601436	0.6777269	0.6087857	0.5274749	0.6103613	0.5521024	0.5380566	0.65023	0.6437185	0.6335247	0.3545767	0.3002102	0.2605949	0.3884882	0.3087581	0.3165673	0.3434457	0.273477	0.3273348	0.2541142
G37	0.312455	0.4261263	0.4089649	0.4751355	0.4679181	0.4947002	0.4786421	0.430536	0.4563745	0.5617623	0.4275789	0.4526952	0.4452729	0.4560143	0.3688441	0.4182139	0.4668295	0.4811062	0.3985049	0.464318	0.4179139
G38	0.4698721	0.5045188	0.4979219	0.4824035	0.5405134	0.5310445	0.5441285	0.6394698	0.5414391	0.587355	0.6390431	0.5161359	0.4880659	0.6229872	0.4770668	0.4065558	0.5048974	0.4263427	0.441571	0.4441332	0.447747
G39	0.3784145	0.5181939	0.3828658	0.3227074	0.3139686	0.3094266	0.3411878	0.3821073	0.4273695	0.4110464	0.3506578	0.3663639	0.3745084	0.464324	0.4958578	0.3707418	0.4067965	0.4136559	0.4273091	0.4527727	0.4191837
G40	0.28622	0.2996945	0.3142249	0.3389599	0.2983171	0.3029999	0.2963112	0.3760842	0.3330865	0.3278026	0.2398756	0.3687991	0.3219742	0.2692974	0.2761105	0.2921426	0.2593931	0.3025117	0.3240402	0.338846	0.4056908
G41	0.0436039	0.4744414	0.6562756	0.6881922	0.6032534	0.5357078	0.6185903	0.6946339	0.6225583	0.6765004	0.6322684	0.1517396	0.0333068	0.0277024	0.0177164	0.0089076	0.0153258	0.0491897	0.011749	0.0143818	0.0140643
G42	0.3520706	0.1283948	0.0390053	0.0155444	0.0100649	0.0016031	0.0024567	0.0054857	0.0040351	0.0023147	0.0007332	0.1117952	0.171645	0.2557839	0.2272802	0.2316267	0.2660649	0.1893008	0.2264916	0.2248637	0.2440669
G43	0.2647154	0.3395085	0.4040854	0.3704766	0.44478	0.5017089	0.430768	0.4266685	0.4407454	0.4149371	0.4024691	0.3945698	0.2880822	0.2607967	0.3088968	0.1998948	0.2112199	0.3301806	0.2855589	0.2072473	0.2084996
G44	0.6270496	0.5655736	0.6442556	0.56179	0.651969	0.4840251	0.6279502	0.6880808	0.7287997	0.6300948	0.5905022	0.7080637	0.6402669	0.652844	0.6422199	0.6943146	0.6107967	0.7142147	0.765762	0.7724285	0.6736265
G45	0.6710908	0.6731515	0.6740894	0.6269224	0.7846722	0.7232819	0.6323978	0.6580661	0.6844976	0.5560838	0.7071347	0.6533296	0.6610564	0.5148892	0.6644224	0.7000687	0.6991233	0.7263919	0.7076554	0.7599182	0.7083433
G46	0.0001441	0.004075	0.0259049	0.0478409	0.0816866	0.0776902	0.0831098	0.080069	0.0935148	0.0583764	0.0697068	0.0255018	0.0132738	0.0100805	0.0164131	0.014923	0.0077566	0.0019726	0.0101049	0.0096338	0.0068136
G47	0.1617877	0.1460959	0.0834612	0.1045928	0.067607	0.0775682	0.0664293	0.0668613	0.0744165	0.0816473	0.0738515	0.0594961	0.1066286	0.1387762	0.1698216	0.0894524	0.0932697	0.1003171	0.1787589	0.1216901	0.1341388
G48	0.4559736	0.5111188	0.4761504	0.4620906	0.4366303	0.4291301	0.5743779	0.430576	0.4055523	0.329089	0.351519	0.3461615	0.4039829	0.5775743	0.5234569	0.5082434	0.5241403	0.4810732	0.5417886	0.4457228	0.4716635
G49	0.4128928	0.3761624	0.3927926	0.5038182	0.3887206	0.3929053	0.4542645	0.4531343	0.3885675	0.5168445	0.3463822	0.4002075	0.378922	0.4104652	0.3758	0.4228448	0.4480357	0.4261369	0.4105217	0.4780953	0.328697
G50	0.4001017	0.404406	0.5734142	0.6782137	0.6503873	0.6333178	0.5720215	0.5924673	0.6690302	0.6161515	0.6488472	0.6036111	0.4916908	0.4975357	0.4654332	0.4644205	0.5184602	0.460705	0.5221797	0.5405552	0.6156615
G51	0.2637447	0.2485807	0.2441628	0.2262957	0.1156107	0.1376907	0.1415179	0.169054	0.1188518	0.1169907	0.1263519	0.1312822	0.1573821	0.2279611	0.2666774	0.2299836	0.2637036	0.3049197	0.2888598	0.2770495	0.198602
G52	0.8195038	0.5628443	0.6270513	0.6136429	0.6479997	0.6945721	0.6253083	0.6213459	0.648887	0.5836095	0.6143591	0.6590304	0.7638719	0.6162711	0.7221345	0.6176752	0.652276	0.5669471	0.6313264	0.6651073	0.7014567
G53	0.119538	0.1031829	0.0462533	0.0211181	0.0130393	0.0400377	0.0251691	0.0255243	0.0339672	0.0219144	0.0328813	0.0367104	0.0553349	0.0830243	0.1219004	0.0776984	0.0674614	0.0421044	0.1166389	0.1110969	0.0795835
G54	0.5726624	0.5448246	0.3418057	0.263189	0.3456312	0.3555599	0.2741305	0.2664614	0.3574993	0.3264282	0.3047651	0.3164573	0.3767757	0.7070182	0.5257373	0.5355187	0.4662619	0.4069125	0.4959308	0.514355	0.6216286
G55	0.6030642	0.6618233	0.5455822	0.5898749	0.5527898	0.5942882	0.4813758	0.6183509	0.6002629	0.5904931	0.5386298	0.5594559	0.5397315	0.6213635	0.626415	0.6481113	0.6222434	0.6151486	0.6019461	0.5094267	0.6355346
G56	0.1242428	0.0850203	0.1721	0.2515618	0.2306391	0.1234789	0.1668006	0.1669421	0.1000467	0.1291452	0.1668598	0.1183897	0.1188828	0.1777441	0.1064168	0.1472018	0.0939386	0.0938038	0.083948	0.1504835	0.1119605
G57	0.4433963	0.3792116	0.4126552	0.3386059	0.3373319	0.2763258	0.2992425	0.3508211	0.4178735	0.2806436	0.3445101	0.3708173	0.3793671	0.378237	0.3354416	0.3574181	0.4297148	0.424207	0.3698212	0.4223886	0.3873528
G58	0.4928523	0.4481435	0.3445101	0.2798311	0.2320841	0.2899712	0.3557995	0.2648792	0.3817865	0.3098963	0.2758981	0.3811261	0.4693628	0.5274184	0.6283226	0.4990192	0.4881877	0.4509072	0.5976901	0.5488122	0.7021171
G59	0.6678739	0.5923809	0.7184235	0.6631532	0.5289524	0.5613386	0.5654861	0.5891998	0.6798	0.5484127	0.6528946	0.6850164	0.5996061	0.4864585	0.637789	0.6445659	0.7177293	0.643296	0.6384356	0.6839682	0.752249
G60	0.5490636	0.636572	0.6420843	0.6796856	0.7135447	0.652919	0.6809942	0.5595567	0.6382007	0.6677598	0.7713219	0.6366441	0.5799869	0.5648906	0.5188189	0.6030933	0.5680186	0.5544607	0.5518441	0.4916912	0.4756825
G61	0.6075884	0.6517136	0.5394621	0.6312747	0.6276749	0.749135	0.5764207	0.6837691	0.5339378	0.6104439	0.686182	0.6307667	0.5644523	0.5621839	0.5573908	0.5410752	0.6048695	0.5433842	0.5774785	0.4616061	0.6024407
G62	0.7055421	0.6849404	0.6314601	0.6619083	0.7692564	0.666033	0.6232745	0.6858456	0.6232087	0.6052284	0.6050415	0.7787669	0.5706083	0.6739126	0.7001667	0.6662416	0.669162	0.7732109	0.6185339	0.7167876	0.7267391
G63	0.4107018	0.4738853	0.4693452	0.3736963	0.3116154	0.4005869	0.3444098	0.3313603	0.3644506	0.3196101	0.3495091	0.3176303	0.3874005	0.4102374	0.276224	0.4544762	0.3561123	0.3407028	0.3004005	0.3950213	0.319718
G64	0.2645869	0.1366474	0.0969224	0.0943546	0.0961571	0.0971357	0.0704608	0.0884136	0.0746531	0.0796066	0.087079	0.1525747	0.1706881	0.3008667	0.2753279	0.3019885	0.2188602	0.2307349	0.2177495	0.3385908	0.2138008
G65	0.2360895	0.2007646	0.2733468	0.2877521	0.2491731	0.2140308	0.2743786	0.2391395	0.2293665	0.2939786	0.2130403	0.2109167	0.2123946	0.2380399	0.2534503	0.269055	0.2561754	0.2140507	0.2580115	0.21158	0.2176959
G66	0.62147	0.6836449	0.6146435	0.7038001	0.6212944	0.708739	0.6412204	0.6481523	0.5467532	0.5934333	0.6328176	0.5430425	0.3888473	0.4677443	0.4888342	0.4136509	0.469335	0.3908325	0.5814064	0.5582763	0.4603664
G67	0.3054073	0.2411895	0.2516927	0.2728358	0.3105101	0.2376397	0.2584079	0.3079025	0.3065566	0.4008003	0.2912797	0.2901562	0.2710868	0.2769564	0.2855824	0.2213131	0.2458684	0.2348584	0.2713865	0.2203024	0.2394868
G68	0.2237489	0.1600607	0.2151395	0.1554213	0.1104424	0.1906854	0.2126171	0.1784879	0.1695491	0.1186459	0.2614848	0.2952705	0.2506417	0.1678684	0.2516373	0.2722703	0.2356383	0.2701208	0.2286985	0.2227314	0.1661681
G69	0.6493499	0.6210963	0.6515935	0.6690751	0.5935759	0.6116888	0.6806512	0.61284	0.557085	0.6561865	0.6726336	0.6774962	0.6889736	0.6383266	0.684358	0.6193994	0.4914964	0.5907174	0.7367172	0.7065189	0.6730075
G70	0.1732594	0.1593629	0.1562899	0.1878473	0.110522	0.1373978	0.0859119	0.1740784	0.1740345	0.1915491	0.2379318	0.2073325	0.2650741	0.1846863	0.1737997	0.2199867	0.2540897	0.186296	0.1357725	0.1432926	0.1282612
G71	0.1481252	0.3134637	0.2872077	0.40768	0.3444906	0.3241524	0.4047948	0.2882887	0.3967738	0.3906377	0.3557385	0.2275362	0.1922593	0.1652479	0.1824247	0.1568815	0.1558472	0.1488388	0.1236962	0.1266547	0.1140272
G72	0.1563578	0.1735305	0.168076	0.2129127	0.1544199	0.1586639	0.1182339	0.1748822	0.1756472	0.1610996	0.2347533	0.1761381	0.1927936	0.1016749	0.1162917	0.1529463	0.2004391	0.1999729	0.1726909	0.1573627	0.1335948
G73	0.1225793	0.1412962	0.1376515	0.1526388	0.1756646	0.1338411	0.1219364	0.0977498	0.1194895	0.1433053	0.1578773	0.1983846	0.1407498	0.135281	0.1217609	0.1379021	0.1824356	0.1162039	0.1007717	0.122391	0.111483
G74	0.3886716	0.4079369	0.408916	0.3946595	0.3413898	0.4821462	0.3585492	0.4012489	0.5218087	0.4607216	0.4500006	0.4653216	0.4445323	0.4603409	0.4483288	0.3668625	0.3888826	0.3484749	0.3887204	0.3991386	0.3150969
G75	0.3799581	0.3427897	0.2788592	0.3069373	0.358301	0.3841168	0.4099618	0.3946447	0.3868199	0.3205021	0.3974713	0.2497539	0.3841143	0.3711003	0.3993866	0.4394279	0.3864082	0.4163129	0.3572769	0.3420583	0.3755427
G76	0.1067089	0.1050357	0.1405214	0.1230469	0.17697	0.118455	0.1072903	0.1764875	0.145348	0.1733273	0.1626669	0.1007139	0.1744106	0.1018586	0.1147404	0.1023474	0.1041924	0.1635628	0.110746	0.0629309	0.0925189
G77	0.0050195	0.5797629	0.5524395	0.6284081	0.6561055	0.6087281	0.6191205	0.4974858	0.6877484	0.572818	0.5870651	0.0233137	0.0076246	0.0009485	0.0026918	0.0063838	0.0029254	0.0023011	0.0031247	0.0002622	0.0068434
G78	0.4658374	0.3657397	0.4534751	0.4171946	0.5129267	0.5029184	0.4269476	0.3815482	0.3941387	0.4088801	0.5036263	0.4015998	0.3932629	0.4164296	0.4622917	0.460476	0.4780154	0.4257368	0.3940058	0.435358	0.4520909
G79	0.485746	0.5704983	0.4928064	0.486986	0.4636877	0.4945386	0.4861107	0.426078	0.4299654	0.4636477	0.5306069	0.5138612	0.4206818	0.5456208	0.4807128	0.5779755	0.4313835	0.4952763	0.4958156	0.481141	0.5297593
G80	0.2125428	0.2047023	0.2295271	0.17845	0.1391609	0.2012728	0.2331852	0.2572334	0.2840132	0.218442	0.1697729	0.1783332	0.174323	0.199231	0.1673923	0.1871064	0.2343525	0.1647793	0.2085172	0.1792359	0.1948962
G81	0.2907948	0.2643094	0.3572096	0.3531974	0.2664254	0.299369	0.227185	0.2011272	0.2681855	0.3019235	0.2491755	0.3355841	0.2910308	0.3169337	0.2784375	0.3031273	0.2975717	0.279354	0.2722501	0.2746023	0.2763808
G82	0.2246542	0.1852817	0.240296	0.2233216	0.2158803	0.2644936	0.2337452	0.2604955	0.2272855	0.2158928	0.2834836	0.3463384	0.2768272	0.1856978	0.1990604	0.3843012	0.3193118	0.3210767	0.2983086	0.2055887	0.2392324
G83	0.4854945	0.4137664	0.4739132	0.3953491	0.5617034	0.5467104	0.5717069	0.5139896	0.5704605	0.4949953	0.4960207	0.5248811	0.5872743	0.4135049	0.5585621	0.5068872	0.5434414	0.5669068	0.6494961	0.5144326	0.5272463
G84	0.1252422	0.4076278	0.5812829	0.5874685	0.5556998	0.6125054	0.5448275	0.4757314	0.6035865	0.4498748	0.529334	0.209307	0.1843514	0.0856135	0.0752132	0.1049838	0.1620671	0.1059463	0.1631351	0.0817682	0.1601158
G85	0.2878489	0.3254191	0.3932063	0.4251728	0.2919636	0.282521	0.3816451	0.3972289	0.3587413	0.2711592	0.2869407	0.2366128	0.3279323	0.3275016	0.3657615	0.3248155	0.3612457	0.3309984	0.2979019	0.4471018	0.3304873
G86	0.6044442	0.2781971	0.2749816	0.2083972	0.1921843	0.2435891	0.2228495	0.1971335	0.2212697	0.2396631	0.1828741	0.5925131	0.5429781	0.6338962	0.6665034	0.6173642	0.6669737	0.6670127	0.6474472	0.6837033	0.6540532
G87	0.284322	0.0942774	0.0489584	0.0444084	0.0429901	0.0616899	0.0443302	0.0361448	0.0392919	0.0435272	0.0553359	0.2199838	0.2672778	0.1927436	0.2236864	0.1807589	0.1628626	0.2288996	0.2710453	0.249657	0.1721361
G88	0.492657	0.6449146	0.6471838	0.6179352	0.6945299	0.4991703	0.528114	0.6345151	0.501299	0.6129237	0.5665516	0.4443818	0.5936794	0.4892121	0.4837057	0.4557333	0.4962691	0.52556	0.4977435	0.5155406	0.4799873
G89	0.3566237	0.3319827	0.3190733	0.5051942	0.4369199	0.3995869	0.3221555	0.3984471	0.3707123	0.3791088	0.3791942	0.3951367	0.3673259	0.3992045	0.3571412	0.3987468	0.5204914	0.4564984	0.4263012	0.4381175	0.3528537
G90	0.579221	0.1130561	0.0119457	0.0181711	0.0071503	0.0073348	0.027188	0.0105103	0.004948	0.0159123	0.0097069	0.4359981	0.4930875	0.55629	0.6455705	0.4652065	0.488647	0.5906561	0.5929443	0.5758991	0.5665443
G91	0.3732384	0.4409057	0.4042218	0.5574268	0.5739645	0.6303304	0.7000887	0.6593308	0.7206848	0.5712731	0.8257183	0.5578884	0.5280819	0.4778488	0.4389089	0.4427174	0.4367776	0.3194993	0.3735819	0.3903989	0.343678
G92	0.3582607	0.4424404	0.3478371	0.4052941	0.3840694	0.3792322	0.3820053	0.370628	0.3586006	0.3039542	0.5025144	0.4259946	0.4607851	0.4321113	0.4345177	0.3522679	0.3916932	0.4324039	0.3753729	0.3803513	0.3118645
G93	0.4174768	0.4175637	0.3372211	0.4285047	0.615935	0.4831605	0.4649689	0.5898523	0.4726234	0.4635239	0.5738928	0.4845471	0.4657821	0.4811726	0.4875606	0.4296078	0.5036537	0.497549	0.5924686	0.5573816	0.4759815
G94	0.6676324	0.528005	0.535824	0.6196949	0.5192359	0.5367616	0.4676497	0.5903565	0.5679951	0.5709459	0.5040033	0.7306573	0.6825729	0.6469136	0.7856641	0.7425087	0.6757065	0.5795828	0.8207632	0.5415163	0.6261418
G95	0.7937842	0.779085	0.5883764	0.628323	0.7109634	0.6504633	0.7878607	0.6426151	0.696952	0.7267419	0.7635795	0.5447156	0.6591942	0.5572849	0.597289	0.6135445	0.4992047	0.7640623	0.6873808	0.5934577	0.5859749
G96	0.5884759	0.6342438	0.6515559	0.6288716	0.5810387	0.626404	0.7900806	0.6446904	0.6906832	0.659393	0.6504867	0.5472274	0.6251926	0.6238127	0.6881271	0.7144319	0.6002469	0.6635901	0.6565496	0.5552318	0.7423827
G97	0.2952081	0.2702845	0.234052	0.2753315	0.3030426	0.1909231	0.2655232	0.2539423	0.1960655	0.2374631	0.2048515	0.2319844	0.2798245	0.2201053	0.2196014	0.2098867	0.2439586	0.247263	0.2932386	0.2735396	0.1904465
G98	0.7924041	0.7425896	0.8765522	0.671834	0.6023697	0.5990264	0.6320689	0.6526319	0.5481902	0.7893898	0.6673839	0.6695508	0.6178652	0.5535897	0.5619348	0.7499404	0.5889295	0.5175115	0.5840811	0.7462375	0.6925951
G99	0.5811183	0.5776035	0.5170748	0.560981	0.5850954	0.7684392	0.5482833	0.6510691	0.6710318	0.6439557	0.6770754	0.7595347	0.7868967	0.6371887	0.6293245	0.6543343	0.7452331	0.6742612	0.7013913	0.5980947	0.5710215
G100	0.7726514	0.6731493	0.8298718	0.7516888	0.5492334	0.6464082	0.5789012	0.5780006	0.6715296	0.7277068	0.589655	0.6107911	0.5822213	0.6079356	0.6895821	0.650326	0.622144	0.7327217	0.7269714	0.7042637	0.526995
