ID	0	50	100	150	200	250	300	350	400	450	500	550	600	650	700	750	800	850	900	950	1000
G1	0.7093478	0.671226	0.4771292	0.3103132	0.1893949	0.1748374	0.3290517	0.3120917	0.383947	0.194854	0.2072257	0.4671977	0.6849378	0.6072096	0.6417835	0.5921752	0.6854447	0.6269477	0.6586665	0.6332278	0.6215181
G2	0.0663171	0.0679726	0.062979	0.0512097	0.0696244	0.1244891	0.2310307	0.2413538	0.1704121	0.1630781	0.1808222	0.2292415	0.1166887	0.1354389	0.1058342	0.0833539	0.1013524	0.0856408	0.055884	0.0754878	0.0704145
G3	0.4779646	0.4562946	0.5958052	0.6159231	0.6219033	0.6732815	0.7550523	0.5686625	0.6203244	0.652343	0.6247475	0.5997334	0.5360831	0.5077631	0.4491676	0.4502099	0.4566396	0.4358617	0.3810667	0.4838646	0.5113661
G4	0.3889013	0.2924969	0.0769144	0.0501213	0.0504072	0.0206819	0.0258319	0.0406615	0.0666856	0.021001	0.0160155	0.0796896	0.3565731	0.4951929	0.6306669	0.6385855	0.5155824	0.5880433	0.5217425	0.6066584	0.5206244
G5	0.2395412	0.1220026	0.059071	0.051515	0.0585578	0.0441361	0.0540204	0.0796112	0.0383892	0.041891	0.0536477	0.519071	0.6180697	0.4775039	0.4428556	0.3438509	0.4341286	0.2559461	0.2681005	0.3132945	0.3123265
G6	0.5943884	0.3355001	0.3481206	0.3398516	0.3697984	0.2747149	0.2875951	0.3003544	0.3238975	0.270413	0.268945	0.3957793	0.3364385	0.3537608	0.326673	0.311741	0.3926995	0.3570771	0.4230989	0.4397283	0.3871079
G7	0.4713868	0.5132586	0.5028405	0.3512969	0.4135991	0.3296185	0.3121349	0.2711943	0.3829321	0.338875	0.2785674	0.3408999	0.3212602	0.5714746	0.4398492	0.4394364	0.4530617	0.473982	0.4764837	0.4410882	0.4115344
G8	0.038342	0.039217	0.044494	0.0829081	0.1922774	0.3051865	0.363301	0.4877838	0.4178811	0.3555437	0.3650194	0.4056089	0.2256248	0.1772965	0.1335209	0.0932383	0.0573349	0.0574997	0.0674904	0.0738329	0.0701454
G9	0.6468575	0.5840016	0.634045	0.6659047	0.7824564	0.6350818	0.5976272	0.7282941	0.703297	0.6830193	0.6130689	0.70074	0.6542163	0.7377351	0.608329	0.545618	0.5928595	0.4795959	0.6141316	0.6635219	0.6018133
G10	0.2265232	0.229434	0.1936522	0.3568141	0.5055058	0.4853367	0.6215029	0.5499578	0.6072225	0.4879156	0.6728668	0.768655	0.4778752	0.3532803	0.2873845	0.2721315	0.273791	0.2766143	0.2314034	0.2548348	0.1750855
G11	0.5846323	0.6543137	0.5627526	0.5428765	0.7518342	0.7277764	0.6054203	0.6801891	0.6366007	0.8601064	0.615279	0.4553808	0.4080115	0.4297604	0.6205778	0.4117242	0.5457105	0.5250632	0.5249842	0.6139258	0.5811367
G12	0.6062301	0.6870121	0.6430371	0.5531458	0.7057146	0.7714849	0.5467692	0.6656412	0.7525787	0.6045973	0.6053773	0.6714148	0.5681486	0.4122406	0.3888962	0.2579229	0.4009368	0.5041471	0.4047046	0.4610789	0.4130456
G13	0.5210965	0.6006372	0.4090294	0.6161214	0.6235238	0.6565781	0.8068799	0.6606275	0.6185454	0.6520563	0.6276476	0.7115163	0.4563009	0.3638287	0.343693	0.316346	0.5033167	0.4650599	0.4825314	0.5407315	0.4313091
G14	0.3075588	0.2732545	0.2702501	0.3656735	0.4671835	0.5192166	0.4772078	0.5561554	0.5397597	0.4817722	0.5065424	0.5741494	0.5010163	0.3124205	0.2731041	0.1849871	0.2409023	0.1714358	0.2384751	0.2411668	0.2075911
G15	0.7527568	0.2906128	0.26929	0.2206835	0.1807714	0.1534754	0.1649881	0.1646163	0.2027587	0.2089088	0.1260859	0.5623415	0.4584977	0.4422229	0.5163762	0.6679542	0.6203199	0.7393493	0.4585226	0.644375	0.6430731
G16	0.2064253	0.0657258	0.0560757	0.0729214	0.0449796	0.067401	0.0547626	0.074632	0.0822948	0.0720409	0.0512991	0.1602391	0.2613021	0.1793639	0.2695014	0.205335	0.1837227	0.1410413	0.120805	0.1871918	0.1890203
G17	0.3309289	0.2773948	0.205797	0.1964022	0.3891903	0.3980014	0.4181698	0.4691773	0.4757668	0.4354827	0.4890486	0.5349154	0.4244533	0.5060368	0.4761705	0.4498783	0.4382901	0.4150673	0.4043796	0.4180363	0.3559491
G18	0.3977064	0.3767041	0.4496286	0.3497047	0.4676731	0.3127465	0.4620238	0.3788226	0.3463838	0.4621652	0.47215	0.4033676	0.4612874	0.342596	0.3466071	0.4323632	0.4074369	0.3956422	0.3831318	0.3987646	0.4485999
G19	0.2090095	0.3334516	0.3973317	0.3990406	0.3268313	0.3940794	0.307655	0.3445352	0.2663223	0.2308986	0.3255896	0.2407933	0.1689826	0.0895679	0.1701606	0.1233897	0.1919414	0.1437929	0.1834004	0.1552287	0.2355228
G20	0.6901925	0.6153384	0.609447	0.7187471	0.6231682	0.5978353	0.6822918	0.6539722	0.5911811	0.6522391	0.680806	0.6777797	0.6291062	0.7594793	0.6494015	0.6394563	0.6099967	0.5772062	0.5700149	0.6558209	0.5526569
G21	0.1794904	0.0565604	0.0380018	0.0027356	0.0008474	0.0089738	0.0061199	0.0009007	0.0104141	0.0002479	0.0003767	0.1897442	0.3181752	0.4354581	0.4180801	0.3905372	0.3872721	0.3172386	0.3292104	0.2777519	0.330684
G22	0.0221371	0.0188488	0.0157749	0.0179857	0.0079351	0.0107754	0.0116225	0.0049125	0.0065449	0.0187761	0.0134608	0.0188553	0.0583066	0.0343644	0.0722865	0.0711538	0.0326402	0.0449393	0.0244119	0.0287026	0.0385357
G23	0.6169687	0.393985	0.1787108	0.2606891	0.1865625	0.2377034	0.2275042	0.2437416	0.20333	0.1919091	0.2578241	0.5584779	0.5006645	0.6060818	0.658335	0.6437944	0.631223	0.7981339	0.7203764	0.720772	0.6377517
G24	0.3736221	0.4189623	0.3553894	0.2097411	0.2930382	0.1946463	0.171878	0.2381246	0.2089829	0.1295136	0.2731132	0.253082	0.2235117	0.3492505	0.3276882	0.3435492	0.388141	0.3103783	0.390477	0.3574655	0.4060681
G25	0.0176576	0.0252745	0.0152136	0.0049084	0.0070298	0.0268257	0.0050305	0.0132496	0.0459679	0.0420403	0.0301544	0.0129907	0.0155894	0.0127324	0.0185223	0.0180895	0.0079392	0.0161784	0.0200813	0.0218935	0.0210973
G26	0.0175	0.009983	0.0093908	0.0105933	0.0123555	0.0294645	0.0086072	0.0096254	0.0107041	0.0106995	0.0125359	0.0261375	0.0207673	0.0070376	0.0300441	0.030493	0.0170288	0.0203555	0.0171522	0.0462885	0.0197684
G27	0.1460097	0.1445967	0.1174769	0.0643989	0.0930319	0.0897155	0.068109	0.06217	0.0500468	0.0413793	0.0460515	0.0566336	0.0759165	0.1721124	0.1583098	0.1257155	0.0989512	0.137483	0.1105643	0.1113955	0.1022415
G28	0.6159153	0.6219725	0.7032037	0.6597406	0.6901705	0.629197	0.6118827	0.5535785	0.6620497	0.616154	0.5921866	0.6537046	0.7377994	0.5986341	0.5399062	0.6723439	0.6414166	0.520119	0.6775747	0.688829	0.6539415
G29	0.4975624	0.4807938	0.4598769	0.5149478	0.4879823	0.5595454	0.6308627	0.6553865	0.4218378	0.5708279	0.5277938	0.3962898	0.5166412	0.5064631	0.4974274	0.5272603	0.4921184	0.4301983	0.4898877	0.4923985	0.4870537
G30	0.5306078	0.2716888	0.1704675	0.1387809	0.1369904	0.1725184	0.2505926	0.1349444	0.1766101	0.142004	0.0922062	0.4612992	0.5688499	0.6617535	0.6490078	0.7708965	0.6955155	0.5867162	0.7457418	0.6681261	0.6143885
G31	0.466988	0.5553877	0.5504979	0.6240719	0.6022278	0.6073813	0.6776193	0.643792	0.6204182	0.6160067	0.5326246	0.4488299	0.4797422	0.4603271	0.5424469	0.4133318	0.432622	0.3968327	0.4059723	0.368135	0.3459849
G32	0.6603467	0.5695382	0.4331573	0.5506821	0.3847116	0.3798566	0.4799701	0.4881184	0.3416071	0.4127865	0.3873188	0.492113	0.6192723	0.6644949	0.7864455	0.6463652	0.6177886	0.7580858	0.7636684	0.6781584	0.7384184
G33	0.0830711	0.0506942	0.0217627	0.0242558	0.0114623	0.010667	0.0234741	0.0055849	0.0115442	0.007022	0.007994	0.1540499	0.1053796	0.1147106	0.0693752	0.1359159	0.1207528	0.0887444	0.0583096	0.0969169	0.1062631
G34	0.5584344	0.6330808	0.4718829	0.5005592	0.5646201	0.557803	0.5694132	0.5225702	0.4805366	0.5701095	0.6748519	0.5099371	0.6467439	0.5591769	0.583802	0.6393437	0.545956	0.7146281	0.7288726	0.7098404	0.7050684
G35	0.408763	0.4265689	0.2829925	0.1616311	0.0866575	0.0997384	0.1667597	0.1219513	0.1215806	0.1025629	0.1094595	0.3348356	0.4218495	0.6230947	0.555223	0.5257104	0.6256172	0.6131236	0.617358	0.5305055	0.7420388
G36	0.2894981	0.4919711	0.5527915	0.6442405	0.7041675	0.6059436	0.6878836	0.5030743	0.5590738	0.5792106	0.6047553	0.3362563	0.263015	0.4032366	0.3308847	0.4200916	0.2716411	0.3285754	0.2816623	0.257758	0.3110675
G37	0.5092903	0.47684	0.4408002	0.3950074	0.4179459	0.5418471	0.4571483	0.5015837	0.4066647	0.3608336	0.3213322	0.449854	0.3483792	0.4761187	0.5465842	0.4287947	0.432241	0.4659883	0.3711754	0.4516647	0.3643665
G38	0.6024936	0.5102205	0.5265216	0.4826714	0.4473252	0.4895497	0.4764683	0.504455	0.5727742	0.577955	0.5356598	0.4985581	0.443629	0.4852969	0.4990566	0.510695	0.5015232	0.4252627	0.3773434	0.3536604	0.3833948
G39	0.3675607	0.398441	0.3957709	0.3590849	0.3024867	0.3721277	0.383059	0.350203	0.3340412	0.3472642	0.3730815	0.4538833	0.5041854	0.4228401	0.5076547	0.4479591	0.5200624	0.6188604	0.5109765	0.5367923	0.4392206
G40	0.3919001	0.3184583	0.2952167	0.2612746	0.2555931	0.3600261	0.3374165	0.2865772	0.3245397	0.4094496	0.2828313	0.3493796	0.2967595	0.2837468	0.2871344	0.3630531	0.3716092	0.2784517	0.3141055	0.3143446	0.3282389
G41	0.0322443	0.0137836	0.0068021	0.0052311	0.0046918	0.009283	0.0356957	0.0123965	0.0111042	0.0119159	0.0081504	0.0116539	0.012932	0.0326247	0.0891699	0.0351056	0.1024779	0.0274923	0.0470456	0.0212716	0.0347208
G42	0.226902	0.1001163	0.0693209	0.0373498	0.0345054	0.0303615	0.0187865	0.0183027	0.0501974	0.0254785	0.0210984	0.1381709	0.1821552	0.3213432	0.260746	0.2771381	0.2212293	0.2631026	0.2729964	0.249257	0.2114272
G43	0.2762605	0.2711544	0.2331496	0.2643351	0.2805879	0.2567882	0.3117299	0.3804082	0.3874774	0.3827178	0.3755358	0.4122128	0.2243978	0.2124741	0.2675966	0.2787898	0.3352607	0.2860121	0.2686757	0.3008788	0.3544806
G44	0.8200721	0.6454088	0.7491998	0.6057056	0.550712	0.5495085	0.5790226	0.6374946	0.6653501	0.5843672	0.4507694	0.7829588	0.6379043	0.5654805	0.5673963	0.6031106	0.6653276	0.6476935	0.7654999	0.7416487	0.5618707
G45	0.6616789	0.5817571	0.7262334	0.6464341	0.6579058	0.6116832	0.6850021	0.6367418	0.7944134	0.6334722	0.6375972	0.6337615	0.5432972	0.5747154	0.6517133	0.8801558	0.731417	0.6686621	0.6758293	0.5662922	0.6012244
G46	0.0010095	0.0168954	0.0581248	0.0803946	0.082184	0.0750439	0.1077622	0.063534	0.0637638	0.1320249	0.086145	0.0745843	0.0303852	0.0366915	0.0033137	0.0090376	0.008441	0.0088603	0.0030236	0.0247255	0.0060586
G47	0.1153225	0.0755584	0.11752	0.104378	0.1260162	0.0830816	0.1148403	0.1003765	0.0851169	0.1036936	0.0678607	0.0992727	0.0628662	0.113118	0.1731827	0.1580573	0.1451924	0.0874952	0.1062	0.1176299	0.1235792
G48	0.4814388	0.1898876	0.0859282	0.0826113	0.0798111	0.0680668	0.0844256	0.0214266	0.0517859	0.0620478	0.0692771	0.2856637	0.5021514	0.5260534	0.4507405	0.478022	0.3665341	0.4299993	0.4655662	0.434525	0.3914583
G49	0.3443397	0.6323044	0.4227848	0.473277	0.5175173	0.5232895	0.6586224	0.4214783	0.5579065	0.4798143	0.4454624	0.3751531	0.6606401	0.4276033	0.4722861	0.444966	0.4272486	0.4234	0.3681587	0.474516	0.4109766
G50	0.4314743	0.5234712	0.6147192	0.6817588	0.6181141	0.7695154	0.7014442	0.6771265	0.6981684	0.7897228	0.7274445	0.4861492	0.3849257	0.3186143	0.3098186	0.344015	0.273194	0.4111015	0.3526981	0.3321125	0.3596033
G51	0.2163336	0.2774166	0.5087473	0.5067332	0.4965755	0.4246293	0.5225083	0.4717986	0.458001	0.5406317	0.5292119	0.2737561	0.2146792	0.3027044	0.389101	0.3280888	0.2824479	0.2552282	0.3437134	0.2752079	0.2886864
G52	0.4717456	0.2909892	0.1972057	0.2057881	0.1474928	0.1880217	0.2148309	0.185566	0.1449114	0.1617944	0.215847	0.4577457	0.5979846	0.6434719	0.6417463	0.6270382	0.6324221	0.7285789	0.52305	0.6134223	0.4713087
G53	0.0768566	0.059097	0.0173612	0.0193103	0.0190549	0.0132204	0.0080134	0.0081261	0.0217982	0.0091932	0.0119656	0.0774091	0.1279433	0.0837297	0.1471036	0.176796	0.1646762	0.1855179	0.1328239	0.151249	0.1008477
G54	0.5112946	0.4761321	0.4246953	0.4640968	0.4500983	0.6116637	0.4787318	0.3963378	0.3478879	0.3628106	0.354819	0.3994515	0.5301255	0.5099664	0.5891804	0.4775849	0.5521612	0.4504061	0.54114	0.5056353	0.4185764
G55	0.5837388	0.5896183	0.5022122	0.4820521	0.451116	0.480687	0.5231716	0.5200337	0.4408439	0.4117687	0.564264	0.5127158	0.6516981	0.5972729	0.5697082	0.4409575	0.591413	0.6883877	0.5473804	0.6717809	0.6217226
G56	0.1262302	0.1407996	0.188242	0.3303543	0.3542852	0.380228	0.3269521	0.2623881	0.3007151	0.2582576	0.2529073	0.1670677	0.1149322	0.0534284	0.1008229	0.0893032	0.0779502	0.0952463	0.0859063	0.0945104	0.1336535
G57	0.2965646	0.4128018	0.2714491	0.3277854	0.2473499	0.2765471	0.2568934	0.2627419	0.2991237	0.3649179	0.330499	0.3422183	0.4551156	0.5486113	0.3819769	0.4935871	0.4523639	0.5025443	0.422274	0.4239223	0.5127138
G58	0.5642145	0.6032162	0.3065105	0.2669561	0.1755598	0.1596298	0.1549745	0.1927622	0.2197217	0.2334421	0.1988092	0.4055086	0.5923866	0.5847299	0.4781103	0.492867	0.5197285	0.6025145	0.5536156	0.6501182	0.4629469
G59	0.6458301	0.5696042	0.5438169	0.6276248	0.377504	0.3386928	0.4571116	0.4611785	0.3813171	0.4464273	0.3607659	0.5792805	0.5622206	0.6931965	0.6412269	0.6936612	0.6073069	0.7185967	0.5725993	0.6368619	0.7569084
G60	0.5737046	0.7183521	0.6574002	0.8322397	0.6628946	0.7828297	0.6160184	0.6115553	0.7472961	0.668701	0.6980721	0.5863741	0.4692023	0.551116	0.511957	0.6196476	0.5766393	0.5557347	0.6755834	0.4622135	0.5208442
G61	0.5104452	0.5409602	0.6800004	0.711191	0.5631606	0.6337968	0.5335831	0.5693017	0.7051605	0.6500926	0.6067726	0.6249625	0.6584806	0.5031676	0.6687116	0.7149143	0.4495274	0.6215993	0.4760877	0.6159081	0.6104207
G62	0.6331477	0.7707131	0.6999908	0.6366021	0.5875137	0.6100091	0.5584491	0.6908414	0.718915	0.6410698	0.7687183	0.6359629	0.5618539	0.7561348	0.7657355	0.6203449	0.6749076	0.6289988	0.6761549	0.7481713	0.5778409
G63	0.3848551	0.4938884	0.3949635	0.3142566	0.3619038	0.3138575	0.3135284	0.3045408	0.389102	0.3691146	0.4134587	0.4133112	0.3581318	0.3332211	0.4008416	0.3845875	0.4018875	0.3427194	0.4297554	0.3449044	0.3583828
G64	0.2671128	0.2773333	0.1697394	0.1709207	0.2080147	0.2157296	0.2419867	0.1799541	0.1911354	0.1799164	0.2375852	0.2365618	0.3293909	0.1783037	0.1932317	0.2059149	0.1770552	0.2341786	0.3454671	0.2199752	0.264899
G65	0.3094546	0.26014	0.1800156	0.2407929	0.2593668	0.2693199	0.2551036	0.2280378	0.2415746	0.250446	0.2706179	0.1922484	0.2682697	0.2837378	0.2600812	0.2668967	0.272948	0.2265038	0.3192055	0.2365028	0.2293212
G66	0.4752225	0.5103793	0.5475231	0.6775679	0.6545478	0.6428162	0.6893418	0.6239611	0.5564723	0.6013938	0.6213348	0.5244338	0.5062607	0.504708	0.5266558	0.4935239	0.4873752	0.5518687	0.4962868	0.5295922	0.4644574
G67	0.2762567	0.3346134	0.2503709	0.2167441	0.233373	0.2054304	0.2292012	0.2496189	0.318001	0.2584953	0.2748147	0.2611939	0.3383613	0.2784867	0.2489107	0.297973	0.2350946	0.2823329	0.2928693	0.2230345	0.3721028
G68	0.2509773	0.3271133	0.2354044	0.2171795	0.2722523	0.208835	0.305634	0.235768	0.2296463	0.2881899	0.327899	0.282627	0.3016471	0.2273202	0.356146	0.1361133	0.1891748	0.2234013	0.2582449	0.1926438	0.160582
G69	0.6982424	0.5797855	0.6438474	0.6359976	0.6848061	0.6564965	0.6627798	0.7218208	0.772408	0.6586039	0.7077095	0.7151834	0.6775534	0.7354107	0.7500319	0.6112987	0.6632145	0.5422605	0.5870881	0.6569994	0.562672
G70	0.2613607	0.2118712	0.1590009	0.1434334	0.1313181	0.167016	0.1963643	0.1905504	0.2476862	0.2099937	0.2437145	0.2231268	0.1234377	0.1621732	0.244791	0.2663614	0.1456579	0.1522028	0.1711458	0.2399988	0.1741888
G71	0.24183	0.1050323	0.1478712	0.1974596	0.1284051	0.1384062	0.1233661	0.1847013	0.1505326	0.1369192	0.1718973	0.1581103	0.1467755	0.1913899	0.1826461	0.1469777	0.1190995	0.1741727	0.179197	0.1746978	0.1423909
G72	0.0927787	0.1461126	0.1301601	0.1051986	0.1911098	0.1497428	0.2098338	0.2448106	0.1719891	0.1373474	0.1636342	0.1164434	0.2041761	0.2279441	0.2215101	0.2005787	0.2013414	0.1541898	0.141831	0.146078	0.2154809
G73	0.1300995	0.1565445	0.1130639	0.0884906	0.0562358	0.0719062	0.0980612	0.0959419	0.0866517	0.1405908	0.1285103	0.0794768	0.0967668	0.1552347	0.1731724	0.1443581	0.1635731	0.1269882	0.2104429	0.125295	0.2204837
G74	0.4272442	0.2557516	0.137431	0.1387649	0.1164676	0.0701444	0.1369419	0.0714915	0.1191641	0.1718014	0.095845	0.3181767	0.4343777	0.3947652	0.4859308	0.4636681	0.4712346	0.4594879	0.3959164	0.3387621	0.3848728
G75	0.3733922	0.3245375	0.3612175	0.3931374	0.3533389	0.4386001	0.4352837	0.3516971	0.3657468	0.3454504	0.3639433	0.429248	0.4007055	0.3639165	0.4143509	0.4367049	0.3380503	0.400048	0.3678824	0.3767969	0.4507702
G76	0.1909422	0.1307663	0.1196166	0.1042458	0.1423204	0.1530265	0.1593881	0.1391316	0.1284312	0.1136188	0.1195503	0.1357371	0.0981586	0.1482778	0.1390489	0.1547598	0.1293918	0.1250077	0.1309609	0.1440448	0.1188193
G77	0.0022031	0.3646234	0.3474864	0.333847	0.3932483	0.464036	0.3988127	0.4705793	0.4257477	0.4132903	0.4814139	0.0141476	0.0008128	0.0005575	0.0014312	0.0020095	0.0043898	0.0016527	0.0005738	0.0030474	0.0015425
G78	0.4751207	0.6572933	0.6759606	0.7726614	0.6171968	0.630291	0.6962206	0.6012668	0.6725577	0.6834831	0.7603748	0.489761	0.4818221	0.462678	0.446986	0.3500147	0.4682392	0.4113651	0.5512739	0.4800971	0.4234731
G79	0.5110715	0.6520435	0.5201184	0.5187558	0.6372425	0.4886933	0.4511642	0.6082148	0.5287148	0.3864787	0.4313919	0.5776659	0.468138	0.4906539	0.4019901	0.4416414	0.5733549	0.5069471	0.4951163	0.4438659	0.5200972
G80	0.197744	0.2071088	0.2395095	0.1694385	0.1920193	0.2032662	0.2061254	0.2230038	0.2557337	0.2186787	0.1796667	0.234433	0.311941	0.2912368	0.2745623	0.2351078	0.2462509	0.2150742	0.2272705	0.240164	0.2070138
G81	0.2668698	0.2273654	0.3797958	0.2677408	0.276073	0.347906	0.2648774	0.2688424	0.2540004	0.3321058	0.3002294	0.2303417	0.28432	0.3259306	0.285171	0.2731981	0.3339813	0.2730161	0.3009607	0.3354737	0.3128495
G82	0.1956173	0.272845	0.2645922	0.2049936	0.1779535	0.3451896	0.2468913	0.2530427	0.2693405	0.2767761	0.2865262	0.324819	0.2163888	0.2928071	0.2527094	0.1746714	0.2373659	0.2548573	0.2756372	0.2919009	0.3106199
G83	0.4250253	0.5173096	0.5345672	0.5868608	0.4494794	0.586393	0.5158762	0.5091646	0.4223972	0.5421808	0.4728747	0.501788	0.5183451	0.5925741	0.562423	0.4146213	0.4509937	0.4235462	0.6407366	0.575858	0.5107152
G84	0.1572538	0.1869537	0.167195	0.1214108	0.1647817	0.1550731	0.1044558	0.1082471	0.2014384	0.1508216	0.1194136	0.1209202	0.1475684	0.0940335	0.1146467	0.1103971	0.124594	0.1801478	0.1529042	0.1570532	0.1737754
G85	0.3571902	0.3353154	0.3742269	0.3285789	0.330454	0.3618586	0.3157562	0.3720123	0.3080643	0.3209882	0.3753068	0.3766989	0.2504046	0.2939824	0.2495285	0.3871216	0.326578	0.2877601	0.2820579	0.319414	0.2402758
G86	0.8076534	0.5424112	0.5245576	0.5268418	0.426733	0.446151	0.4530721	0.5258903	0.506569	0.4684199	0.3875409	0.5774085	0.6472906	0.7120108	0.8107979	0.6023962	0.6965541	0.6242528	0.6752168	0.5343579	0.5086679
G87	0.1909906	0.0608493	0.0017263	0.0010403	0.0004777	0.0002128	0.0011612	0.0005417	0.0019042	0.0006148	0.0030817	0.2045212	0.2110775	0.2594855	0.2187544	0.2296303	0.1990404	0.1948762	0.2522071	0.1848684	0.2731827
G88	0.4420935	0.4086591	0.53862	0.4749884	0.4910585	0.4913036	0.5004106	0.531104	0.5193632	0.439327	0.4982636	0.5629763	0.548256	0.5313817	0.4556016	0.4434471	0.4328053	0.4107336	0.5492123	0.4677384	0.4752018
G89	0.3842547	0.6677235	0.564603	0.3692384	0.4670493	0.5327476	0.4243513	0.4321459	0.4164602	0.4897577	0.2902838	0.4217076	0.4047968	0.4310253	0.4139467	0.4324359	0.4460915	0.4535874	0.3653565	0.4037013	0.3361432
G90	0.6027602	0.5661551	0.5398344	0.655933	0.5949904	0.6046376	0.5940748	0.6207722	0.5898228	0.5595142	0.5298275	0.4431146	0.4597158	0.5870342	0.6002027	0.5200115	0.464171	0.4862649	0.398476	0.416562	0.4758137
G91	0.365308	0.3505688	0.4399643	0.2612846	0.4086184	0.4275098	0.380154	0.3536108	0.4160149	0.4857432	0.4426633	0.4743952	0.4858836	0.5222216	0.4816906	0.4065074	0.5019496	0.5473728	0.483043	0.4715347	0.3842903
G92	0.3624021	0.4353226	0.3496607	0.4282804	0.4121443	0.4016261	0.3907704	0.392673	0.3982256	0.3978586	0.3581787	0.4793451	0.4256414	0.3963559	0.3131193	0.3796274	0.4239051	0.505699	0.4700339	0.377567	0.4273403
G93	0.4530441	0.6049606	0.5110426	0.5835326	0.4662745	0.5031969	0.4865223	0.6273691	0.4667671	0.5028043	0.4381838	0.6535891	0.5776889	0.5691228	0.5276242	0.4943683	0.5318084	0.5590552	0.4387496	0.4721955	0.5358176
G94	0.7207704	0.6010462	0.5936149	0.5733401	0.7035076	0.6422009	0.7489385	0.7945531	0.6372216	0.6122022	0.6320581	0.6847533	0.5944748	0.5728542	0.7535826	0.6487688	0.6849799	0.6179282	0.546641	0.6578631	0.5989728
G95	0.6565668	0.6494406	0.7800612	0.6834943	0.5056231	0.633387	0.5377306	0.5475164	0.735372	0.5879646	0.672218	0.6772016	0.5344175	0.7289126	0.5895911	0.7128727	0.6094406	0.6864119	0.6170649	0.6599569	0.6444918
G96	0.560754	0.6759666	0.6319279	0.6118542	0.7446605	0.6844263	0.5810041	0.6629287	0.6627523	0.5706627	0.6635798	0.6329133	0.5784803	0.699859	0.6732143	0.6056514	0.6820683	0.6317048	0.6399298	0.5965422	0.6326429
G97	0.2315001	0.2757685	0.2949334	0.2969754	0.2847024	0.2935699	0.2117873	0.217327	0.2396197	0.2836036	0.2321065	0.3152635	0.2670412	0.3857821	0.3247518	0.3305829	0.3474894	0.2288287	0.2424142	0.3011007	0.2854105
G98	0.5720618	0.6070099	0.6438719	0.6713287	0.6454225	0.7058036	0.625003	0.8024664	0.6813321	0.8364345	0.6987154	0.61116	0.6754624	0.6886668	0.5744078	0.6433332	0.7380576	0.6096986	0.5770016	0.6319018	0.5914327
G99	0.5870773	0.4498232	0.3608399	0.3759327	0.4160224	0.4487077	0.4286938	0.3024967	0.3227816	0.3210211	0.3932796	0.6076133	0.6256934	0.5571021	0.7372876	0.7799304	0.7500205	0.5898481	0.7719862	0.724962	0.6539312
G100	0.6455443	0.6898321	0.7649014	0.6683987	0.6854777	0.7435784	0.7413357	0.5985041	0.6651432	0.4918415	0.7574123	0.6111548	0.655319	0.629697	0.6519347	0.6476792	0.6790403	0.7233785	0.6130225	0.6338076	0.6719904
