ID	0	50	100	150	200	250	300	350	400	450	500	550	600	650	700	750	800	850	900	950	1000
G1	0.5735545	0.702039	0.4931458	0.1840965	0.0757815	0.0532033	0.1239316	0.1750524	0.1585476	0.204102	0.141758	0.4631195	0.5540362	0.6654648	0.6269641	0.7430477	0.6952844	0.5583429	0.5346571	0.7103591	0.7426171
G2	0.0695546	0.0637964	0.0403963	0.0871166	0.1058259	0.2003676	0.2652552	0.3268145	0.3284417	0.2213466	0.2502727	0.3045901	0.1942127	0.1207871	0.1283608	0.0722573	0.0810554	0.0744739	0.0654844	0.0913777	0.1009583
G3	0.4827791	0.4088283	0.610738	0.6918451	0.7139617	0.7460716	0.7118773	0.6199136	0.5471179	0.7569743	0.6518813	0.6799511	0.4314952	0.4582235	0.3648567	0.5143594	0.4270006	0.5037817	0.3775122	0.4171088	0.4028293
G4	0.4179401	0.6019218	0.821146	0.7194605	0.5878835	0.5930979	0.5796182	0.6616758	0.6101687	0.6157775	0.5940369	0.1924038	0.2157118	0.4517795	0.521949	0.6346046	0.6084852	0.5971752	0.5928502	0.4685974	0.5523929
G5	0.3003181	0.0914012	0.0305968	0.0655974	0.0488802	0.030872	0.0505036	0.0277519	0.0456216	0.0585042	0.0318978	0.4608741	0.5514848	0.582274	0.5121518	0.3739584	0.3830307	0.3357037	0.3169367	0.2944561	0.282849
G6	0.3619594	0.4541453	0.4963971	0.5719831	0.5105646	0.4971945	0.5598114	0.4150625	0.4286193	0.6009703	0.5079206	0.4963856	0.459141	0.4092688	0.3937254	0.3636122	0.453423	0.3519581	0.4963468	0.4370195	0.4182854
G7	0.4782776	0.493494	0.3993419	0.4570626	0.4642424	0.3462056	0.3530576	0.4358458	0.3836625	0.5528689	0.5494954	0.3350502	0.2891575	0.3979356	0.4065646	0.4598332	0.4398381	0.3580311	0.3685777	0.3648739	0.4335279
G8	0.07269	0.0659871	0.1032555	0.1573655	0.2899083	0.3641622	0.4154817	0.4223528	0.3870064	0.3786537	0.4935178	0.5351195	0.3153158	0.2195576	0.1533091	0.056078	0.0723431	0.0777062	0.0906403	0.0900941	0.0605686
G9	0.6039605	0.6944185	0.6222064	0.6333378	0.526737	0.6084988	0.5705436	0.6571862	0.6074184	0.6767568	0.5660332	0.571381	0.5336352	0.5526506	0.6284041	0.5386587	0.5368601	0.5651898	0.6368452	0.5819769	0.5653273
G10	0.192372	0.1238611	0.1547502	0.1968362	0.3816559	0.4831092	0.4844262	0.5784547	0.6291213	0.5174315	0.5330912	0.5677295	0.589154	0.4134762	0.3086879	0.2217544	0.3313304	0.2428615	0.2561149	0.2767544	0.2398592
G11	0.5149458	0.5370844	0.5870356	0.7371701	0.7594829	0.6140642	0.6762802	0.7597731	0.6258514	0.5128153	0.640927	0.5078583	0.5603169	0.3303751	0.3721918	0.4957515	0.5544829	0.5555646	0.66027	0.5712753	0.5631961
G12	0.4628659	0.3587846	0.3596566	0.4850184	0.6622899	0.7692313	0.553979	0.7120127	0.6387959	0.6002179	0.5770903	0.3437079	0.3758942	0.254606	0.2612173	0.256977	0.3120961	0.3681098	0.391327	0.5585615	0.4617483
G13	0.5652715	0.5317288	0.4154286	0.5114185	0.4589211	0.6925529	0.6516447	0.7487492	0.7543438	0.689581	0.6096176	0.5942917	0.3995615	0.3812978	0.3579227	0.36581	0.3855595	0.4735524	0.4444005	0.4160186	0.3981111
G14	0.2236035	0.0509097	0.0237668	0.0657061	0.0515667	0.0245175	0.0490635	0.0631543	0.044304	0.0295689	0.0256958	0.1606051	0.2621255	0.2231609	0.245205	0.1586667	0.2184946	0.1648645	0.2006781	0.3038322	0.2801547
G15	0.6711942	0.5310155	0.6962122	0.4434972	0.4661018	0.5383186	0.5073344	0.4616363	0.4399596	0.5477478	0.4402304	0.5048915	0.5744627	0.4823955	0.5156065	0.5211885	0.5253635	0.6472116	0.745799	0.6026014	0.6074286
G16	0.1302244	0.0451047	0.0268421	0.0015794	0.0014939	0.0002999	0.0003355	0.0019549	0.0002663	0.0012832	0	0.2216546	0.2526524	0.2581925	0.1687133	0.1515217	0.189827	0.1510446	0.2245864	0.2046575	0.1585747
G17	0.4174685	0.3684849	0.0950071	0.1107189	0.2677394	0.4246305	0.4504348	0.4115887	0.4359883	0.4068722	0.339016	0.4023218	0.6062761	0.5581006	0.3901971	0.3873657	0.4961863	0.3916961	0.4361942	0.5030204	0.3546638
G18	0.4581646	0.378949	0.3254207	0.3032813	0.2900577	0.2899622	0.3109729	0.3655842	0.2611453	0.2375824	0.2803523	0.3277852	0.3732477	0.3211424	0.3546386	0.3640567	0.4786247	0.4088368	0.3501418	0.5193882	0.4173001
G19	0.1472625	0.2425031	0.3636286	0.3817018	0.2873834	0.2190526	0.1803165	0.2109331	0.3270557	0.2745331	0.2631353	0.2309769	0.0765194	0.1057358	0.158715	0.1687681	0.1667231	0.1197581	0.1331551	0.1406063	0.133726
G20	0.6914069	0.712379	0.7165293	0.5158003	0.6103758	0.6458148	0.515788	0.6967721	0.57033	0.6141312	0.6804182	0.6377939	0.5502784	0.5716508	0.721135	0.6729527	0.7746366	0.7473111	0.668914	0.7206665	0.7149056
G21	0.3246519	0.1804411	0.1389632	0.2331574	0.2209263	0.2642017	0.3639979	0.4715528	0.4229572	0.4954343	0.4049857	0.2700738	0.3573367	0.4523953	0.429733	0.5069184	0.4330143	0.2976132	0.2669046	0.2928079	0.3516143
G22	0.054923	0.0376032	0.0241201	0.0160714	0.0184534	0.0205712	0.0191832	0.0433007	0.0250265	0.0337123	0.0277965	0.0244188	0.0974777	0.1768474	0.1690726	0.0895374	0.0480586	0.0634418	0.07917	0.0346114	0.0236718
G23	0.6718522	0.4416643	0.3704934	0.3084861	0.3809647	0.4081542	0.3533152	0.5116275	0.3552498	0.3671073	0.3277537	0.5649301	0.5807585	0.7234536	0.6729373	0.6471343	0.5923026	0.532458	0.6280893	0.6856843	0.6741317
G24	0.3678147	0.4010126	0.434767	0.3378292	0.3100748	0.2962981	0.3952313	0.356413	0.3785449	0.2961417	0.2433794	0.2803022	0.3316688	0.3143966	0.2833664	0.3110549	0.3904773	0.3905152	0.4292254	0.3843715	0.4042756
G25	0.0547317	0.4092335	0.5133711	0.514828	0.5383293	0.4973238	0.4463938	0.4476802	0.4383456	0.5101072	0.4599212	0.0952945	0.0202963	0.0354449	0.0349352	0.0237588	0.0260766	0.0330413	0.0397676	0.0092429	0.0176563
G26	0.0339555	0.04319	0.0282031	0.0214926	0.0225717	0.0196721	0.0223127	0.0121027	0.0214367	0.0620073	0.0658504	0.0190132	0.0317576	0.0255021	0.0207709	0.0283867	0.048962	0.0299248	0.0365474	0.028309	0.043918
G27	0.0898336	0.1828305	0.11144	0.139438	0.0870152	0.1297489	0.120485	0.1166497	0.1002017	0.0782013	0.1132139	0.105181	0.1219334	0.1018779	0.1247529	0.0875553	0.0902379	0.1055453	0.1413474	0.1291183	0.1369809
G28	0.7287156	0.6990941	0.6356621	0.6925386	0.6183813	0.5668337	0.6479899	0.7416438	0.6501979	0.6697795	0.6608202	0.6701409	0.8030493	0.7563006	0.6831698	0.5606545	0.5273365	0.6063011	0.6210554	0.6193671	0.6676459
G29	0.5381204	0.4705432	0.4832191	0.4298988	0.4990284	0.5112232	0.5315417	0.5856836	0.4999454	0.5638011	0.4896988	0.5267987	0.4841324	0.5449767	0.5766885	0.4546807	0.4904702	0.3946698	0.50837	0.4789506	0.5614108
G30	0.7324701	0.6760939	0.6202432	0.625379	0.7236127	0.5434201	0.5823462	0.6315039	0.7618342	0.6054802	0.5723456	0.6862634	0.7083207	0.7625491	0.7015465	0.6346407	0.7721602	0.5858826	0.5752332	0.5442387	0.6983769
G31	0.5660437	0.4655844	0.455289	0.4299391	0.5250591	0.374118	0.4624349	0.5206837	0.3779969	0.4882503	0.3992573	0.5076929	0.3847219	0.4049838	0.3712515	0.4438797	0.4543602	0.5102392	0.4361763	0.3594379	0.3513729
G32	0.6818861	0.6954725	0.6084617	0.7028056	0.5538669	0.6537995	0.623963	0.7190656	0.5401948	0.7757231	0.5726611	0.6400934	0.7129636	0.7011038	0.6203532	0.737581	0.7571283	0.5101581	0.6172959	0.6301582	0.6861747
G33	0.0804314	0.0659334	0.1431147	0.0880005	0.128821	0.1003216	0.0371064	0.087497	0.0805958	0.133234	0.069729	0.1065368	0.0693907	0.0908295	0.0933891	0.0701581	0.1056599	0.135777	0.0555813	0.0893693	0.1019099
G34	0.5621646	0.6001612	0.6654239	0.7574766	0.5871328	0.572155	0.7497796	0.7134846	0.8476853	0.6819577	0.659966	0.6825681	0.692175	0.541304	0.5362065	0.6914177	0.6620621	0.6941095	0.7326585	0.6374037	0.6629307
G35	0.6035038	0.5344727	0.4918264	0.461051	0.4700177	0.3599231	0.3981009	0.5223195	0.3998262	0.4841107	0.3768299	0.4491771	0.4964955	0.5257912	0.5330799	0.5276916	0.6210838	0.5463761	0.5846714	0.5624219	0.4920055
G36	0.3140843	0.8391175	0.6137782	0.6410007	0.6006959	0.6283917	0.5853642	0.7330409	0.5835126	0.6271793	0.6070517	0.3221256	0.3432465	0.3270524	0.2879098	0.399924	0.2753924	0.3326314	0.2862228	0.3748244	0.4172762
G37	0.3497186	0.454838	0.4444287	0.5521057	0.5577414	0.6283808	0.5943272	0.5956144	0.7147849	0.5849866	0.6934638	0.7351192	0.4689158	0.374739	0.4529533	0.5322506	0.4706754	0.4596869	0.4399471	0.3480316	0.3808814
G38	0.4041921	0.4714143	0.5370914	0.6400391	0.6043583	0.5112592	0.5950688	0.6571979	0.6128983	0.8005035	0.5947725	0.6021251	0.583489	0.5194998	0.4365593	0.3631124	0.4840159	0.4582893	0.4028142	0.3931292	0.4027545
G39	0.5093027	0.5445878	0.5920551	0.4464833	0.5242976	0.4198643	0.3978491	0.4601576	0.5376151	0.5392772	0.454248	0.4577924	0.5270253	0.4579706	0.5765976	0.5987184	0.519455	0.4015224	0.4788837	0.4465868	0.3944722
G40	0.3109495	0.4312782	0.3105523	0.3314813	0.356032	0.2258788	0.3160391	0.3893486	0.3849968	0.347452	0.3229004	0.3160027	0.2977482	0.301829	0.3245659	0.2911301	0.42844	0.2666962	0.2888788	0.2911333	0.3284371
G41	0.0371017	0.0139864	0.0096208	0.0159897	0.0120541	0.0112943	0.0090933	0.0089023	0.0188839	0.0123945	0.0086195	0.021457	0.0598185	0.1225926	0.090782	0.0729782	0.0472484	0.0404531	0.0220074	0.0292837	0.0347184
G42	0.3207675	0.2239908	0.3187019	0.3374277	0.4159009	0.499256	0.5433058	0.7006808	0.5313984	0.5906772	0.5192348	0.5300151	0.484467	0.4109686	0.2775524	0.298263	0.3550292	0.3212073	0.300323	0.2492931	0.1938583
G43	0.3023343	0.2019982	0.1133421	0.067438	0.1108852	0.0817024	0.1668578	0.1156242	0.0932794	0.0749027	0.0756888	0.2120579	0.1942874	0.2563456	0.2388441	0.2233977	0.1873198	0.2906164	0.2560886	0.2285617	0.268181
G44	0.7081041	0.6910265	0.6243333	0.5208705	0.3981771	0.3824036	0.526932	0.5417539	0.634985	0.53266	0.6112699	0.6246287	0.6736242	0.6245049	0.6832232	0.7211281	0.6125063	0.6983437	0.6129449	0.6993239	0.6795348
G45	0.7316267	0.7399772	0.7120217	0.5315113	0.719651	0.7085385	0.6917203	0.6862631	0.6624155	0.8217216	0.780849	0.6105473	0.7034681	0.5383774	0.5911833	0.5629169	0.53751	0.6541254	0.5480121	0.6235527	0.5767916
G46	0.0081531	0.1235994	0.1814448	0.2271373	0.2130541	0.2389326	0.2309227	0.3043343	0.206524	0.1916575	0.1835357	0.1712927	0.0659974	0.0206515	0.0138221	0.0119851	0.0035938	0.0074952	0.0141935	0.0114155	0.0035517
G47	0.1229526	0.1002935	0.0668049	0.0776264	0.0570407	0.0723937	0.1251275	0.0942086	0.0812822	0.0957817	0.108861	0.0734415	0.1129323	0.135044	0.1335382	0.1055973	0.1477838	0.1188561	0.1584133	0.1500362	0.1009116
G48	0.4335533	0.3668602	0.4030843	0.4673228	0.4343052	0.4867172	0.4526226	0.5847394	0.4219017	0.3787404	0.4087114	0.4733184	0.5254817	0.4855296	0.4917692	0.4540932	0.3345286	0.4909973	0.4801111	0.4014423	0.4974838
G49	0.4893904	0.5057037	0.4491508	0.5093754	0.5903906	0.4973933	0.549297	0.5554605	0.5089286	0.4310017	0.4637027	0.4276757	0.5178246	0.3515032	0.346297	0.2932375	0.3657676	0.3895716	0.4108893	0.4020222	0.3056279
G50	0.4793866	0.2500864	0.0587485	0.0817062	0.0209535	0.0561709	0.0302213	0.0183189	0.013641	0.0358844	0.0320588	0.4628779	0.3551158	0.3035552	0.3878545	0.3316916	0.2649871	0.3488159	0.4154374	0.4021333	0.3809343
G51	0.2202521	0.3647713	0.3972233	0.4666396	0.424173	0.4441325	0.4596721	0.458179	0.4586479	0.3971454	0.3584131	0.3186412	0.2658772	0.320803	0.243797	0.226683	0.2644769	0.2733361	0.2976169	0.22401	0.1717135
G52	0.6256956	0.5532895	0.5921448	0.6932145	0.719832	0.7892254	0.7335988	0.7125984	0.6973227	0.6268889	0.6744822	0.651314	0.5997702	0.6800142	0.6168318	0.6512107	0.5940581	0.5546694	0.6424538	0.4908052	0.6060579
G53	0.0894351	0.0741097	0.1437241	0.2422002	0.3634626	0.3069363	0.3420058	0.4254985	0.4174037	0.3437954	0.3097403	0.3593247	0.235776	0.3270258	0.1649124	0.2052869	0.2109965	0.1384169	0.218463	0.1651748	0.114241
G54	0.6088758	0.3586958	0.2813341	0.2335384	0.2043153	0.2008854	0.208078	0.1765553	0.1329575	0.1666839	0.208789	0.2196938	0.4508786	0.5701023	0.6509511	0.5728648	0.5180684	0.4862195	0.5936102	0.4690762	0.506694
G55	0.5855958	0.390071	0.384919	0.2425385	0.3170934	0.3191515	0.3248788	0.2826605	0.3605442	0.4443413	0.3746933	0.5651423	0.611815	0.5554127	0.6294832	0.6562812	0.5483819	0.5505925	0.586763	0.6278995	0.7093739
G56	0.1124795	0.1515915	0.3145607	0.4221858	0.3808722	0.3910326	0.3433256	0.3587233	0.2806415	0.360112	0.3554402	0.1730034	0.1009031	0.0713679	0.0647247	0.0776434	0.1307098	0.0942249	0.0873259	0.1224454	0.1261776
G57	0.4071898	0.4860451	0.6125723	0.5081028	0.5758034	0.7225852	0.5571974	0.6863405	0.6009988	0.5328184	0.5794528	0.4171132	0.5527933	0.4443978	0.5152791	0.4757944	0.4786815	0.4884808	0.5315674	0.5012612	0.5152396
G58	0.5628983	0.475466	0.262332	0.2424124	0.1935678	0.1769348	0.2525026	0.2693914	0.2819878	0.2605233	0.2908378	0.4741304	0.5680562	0.5074483	0.5888714	0.5301502	0.5513529	0.6028051	0.5289144	0.6052883	0.5430294
G59	0.6220271	0.5576634	0.7173459	0.4595227	0.5196067	0.4792216	0.5105507	0.555561	0.432781	0.5492339	0.4376423	0.5630849	0.7479457	0.6407337	0.4630012	0.6646417	0.666856	0.5807467	0.6876722	0.5783323	0.6679995
G60	0.5541571	0.5815559	0.5613226	0.5277803	0.5243966	0.6160412	0.4843437	0.5556688	0.6108725	0.5282534	0.5269988	0.5279237	0.5350323	0.611697	0.6138114	0.6513032	0.5183853	0.599673	0.5280402	0.5110469	0.5022962
G61	0.642063	0.5598688	0.5405092	0.5350629	0.6484123	0.5018217	0.6356158	0.5601202	0.6477705	0.4872459	0.461692	0.63235	0.606842	0.5241099	0.5362771	0.5475715	0.5284639	0.4993787	0.5018402	0.7061733	0.6199135
G62	0.642749	0.6000564	0.6404302	0.5245475	0.6312704	0.6525849	0.6457246	0.6518065	0.6155419	0.771521	0.6830836	0.6637181	0.5237527	0.7818594	0.6622867	0.6407265	0.6705933	0.6760305	0.6662117	0.6661763	0.5889449
G63	0.4395068	0.3140021	0.3697247	0.3805864	0.3402069	0.4719751	0.3491127	0.3114268	0.3706041	0.3689886	0.4070949	0.3540058	0.3778246	0.3281771	0.3730224	0.3311206	0.3945822	0.3516747	0.3693493	0.4441376	0.374342
G64	0.2033701	0.1930403	0.2043734	0.2407094	0.2896499	0.244153	0.2402109	0.2489603	0.229973	0.2118812	0.2437556	0.2275135	0.2050346	0.1943339	0.2742453	0.25028	0.2904301	0.2143275	0.2594369	0.2113827	0.2822861
G65	0.267821	0.3540016	0.2376754	0.2737151	0.2976277	0.3330843	0.2761682	0.1948754	0.2741479	0.2299554	0.2965781	0.2326475	0.2559826	0.3102588	0.2541269	0.2709736	0.2685409	0.2049425	0.2309295	0.2664589	0.2638422
G66	0.5338755	0.4693969	0.4163641	0.4387274	0.4669677	0.5100857	0.6098021	0.6371791	0.4546396	0.5526715	0.4369004	0.4935059	0.5532622	0.3886648	0.4582495	0.5640134	0.5094896	0.5215699	0.457449	0.388565	0.4850005
G67	0.2713571	0.2467108	0.1539926	0.2553285	0.2811613	0.2414595	0.2809147	0.2249391	0.2223153	0.235211	0.2434808	0.2969325	0.1874689	0.2794337	0.2752798	0.2838526	0.4026926	0.1743594	0.3091617	0.2982808	0.2759221
G68	0.225497	0.2284168	0.1806635	0.1757832	0.2253476	0.2104046	0.208608	0.2231157	0.2858501	0.2413896	0.2885666	0.2042215	0.2297207	0.3151767	0.1979259	0.2838028	0.2188269	0.2042022	0.2358842	0.2583073	0.178545
G69	0.6886194	0.5426255	0.7044115	0.5646888	0.5767781	0.6563001	0.5979716	0.69509	0.8101503	0.6399206	0.5092085	0.6153388	0.6288624	0.6562153	0.7487469	0.8162281	0.7194034	0.6617188	0.6463962	0.6518575	0.6264132
G70	0.1831912	0.0759684	0.0861918	0.0251051	0.0325745	0.0411478	0.0308887	0.0490471	0.0244221	0.0385386	0.047408	0.1516157	0.2444126	0.2938896	0.1882744	0.152819	0.1948231	0.1295632	0.1482829	0.1323867	0.1604537
G71	0.1425583	0.3501564	0.4563971	0.3340684	0.3996237	0.4482594	0.4907583	0.4810835	0.5064934	0.4168674	0.4760312	0.2313861	0.1706115	0.1996038	0.1637192	0.143343	0.1165994	0.2333372	0.1986293	0.2423005	0.1459603
G72	0.1900032	0.1376107	0.1159957	0.1394137	0.2085804	0.1268415	0.1434478	0.1450848	0.2442866	0.2328828	0.1042388	0.081401	0.1097104	0.1397704	0.2100726	0.1922885	0.1852351	0.148224	0.1914203	0.1421777	0.1554385
G73	0.1294076	0.120802	0.0974533	0.1663954	0.1911149	0.1232441	0.1361114	0.1123701	0.1184313	0.1690712	0.1601225	0.1360752	0.1268728	0.1143982	0.1235617	0.1365797	0.1335408	0.1847352	0.1838803	0.1438005	0.1370717
G74	0.4574397	0.4047752	0.3691888	0.3960459	0.3656647	0.4367678	0.383777	0.4299858	0.3764074	0.3870692	0.389182	0.3818261	0.3943107	0.4523421	0.3484673	0.3720747	0.4388156	0.3661123	0.4012499	0.3459045	0.3527568
G75	0.3262754	0.3643659	0.3102661	0.3743309	0.310376	0.3341713	0.4014555	0.2561675	0.3370268	0.3543018	0.3477177	0.435171	0.3127137	0.2876145	0.3922363	0.2907563	0.4156147	0.3493886	0.389825	0.4187292	0.4018168
G76	0.145029	0.0961661	0.1009676	0.1278257	0.1582541	0.1516955	0.1419839	0.1321981	0.1214401	0.1466228	0.1192476	0.1348901	0.1152117	0.1283087	0.1630562	0.1031379	0.1684482	0.1822441	0.1287926	0.1483806	0.1429661
G77	0.002175	0.0006983	0.0061873	0.000109	0.0003407	0.000134	0.0071079	0.0028263	0.0027768	0.0007153	0.0022588	0.00791	0	0.004056	0.0001592	0.0064078	0.0048121	0.0096416	0.0074396	0.0006014	0.0017853
G78	0.4361432	0.6636767	0.6650073	0.7918225	0.7588554	0.8355814	0.6216549	0.7135241	0.6953029	0.6425993	0.7250279	0.4224765	0.5308116	0.4220414	0.5351719	0.4435244	0.407506	0.3838163	0.4908315	0.5422848	0.4465423
G79	0.4934953	0.4967282	0.4501261	0.6255449	0.4458961	0.5665699	0.488598	0.4024771	0.5103828	0.5458228	0.5812161	0.5263878	0.4970979	0.5911505	0.4758296	0.4784922	0.5074044	0.4863053	0.6092049	0.5927547	0.5338828
G80	0.1850318	0.1524484	0.231535	0.1311098	0.1928284	0.1764269	0.1719258	0.180973	0.2084106	0.2372623	0.2151835	0.2061228	0.2357413	0.257785	0.2539568	0.2340283	0.249539	0.2016385	0.174223	0.1776684	0.1356815
G81	0.3562593	0.3172346	0.2993599	0.4348101	0.3728394	0.2605192	0.3326927	0.3216735	0.3568658	0.2850465	0.3363969	0.2875805	0.2437896	0.3167682	0.2898163	0.2867312	0.2491649	0.3111696	0.307761	0.3005232	0.3176474
G82	0.2249034	0.2696215	0.2884706	0.179907	0.2484856	0.2443565	0.280763	0.1856368	0.1931113	0.2048178	0.3101355	0.1964488	0.3031566	0.1823455	0.2424708	0.2170611	0.2111561	0.2833613	0.2464091	0.2908883	0.2569376
G83	0.4681776	0.4065411	0.5861408	0.523438	0.5027902	0.5489683	0.5833199	0.4451213	0.5791311	0.5159298	0.4793973	0.4591666	0.5321145	0.5736383	0.4328514	0.4580895	0.4885665	0.4566173	0.5073182	0.5797817	0.5188122
G84	0.1738879	0.1890151	0.198894	0.1333599	0.1651871	0.1449105	0.1925057	0.1475811	0.1296821	0.1201547	0.169835	0.1301768	0.1723023	0.1050443	0.146503	0.1298058	0.0929416	0.1383172	0.1089119	0.1626763	0.1924994
G85	0.3841063	0.2400702	0.2850325	0.3891634	0.2551571	0.3660518	0.2075993	0.212112	0.269881	0.2777584	0.3101441	0.4089688	0.3185622	0.3320495	0.2690154	0.3829957	0.4169595	0.3080531	0.3415178	0.3053977	0.2981646
G86	0.5734702	0.6617982	0.5873914	0.6624255	0.6347363	0.6908556	0.5584311	0.7144967	0.6280069	0.5648401	0.6286887	0.533195	0.5455838	0.6670139	0.6507993	0.6881863	0.7456119	0.7295474	0.5960038	0.6422308	0.6214425
G87	0.2114445	0.2225327	0.1696348	0.2283224	0.2940149	0.1508336	0.1609546	0.2342537	0.2795565	0.2471955	0.2154619	0.235152	0.2039459	0.1590666	0.1834336	0.1946247	0.1978636	0.2522449	0.2398468	0.2345147	0.1383831
G88	0.5664013	0.4976443	0.5200082	0.626196	0.5719344	0.5446739	0.6609019	0.5474806	0.5342991	0.5292825	0.4034395	0.5300068	0.4644771	0.4512813	0.5035555	0.403987	0.4445818	0.4303647	0.4437372	0.4364296	0.5115705
G89	0.5026787	0.4194423	0.5238713	0.4874083	0.5286584	0.5332283	0.5020962	0.4115672	0.474242	0.4746921	0.3923627	0.4238456	0.4099587	0.4345892	0.4721721	0.3245174	0.3562144	0.3695239	0.4712044	0.3368253	0.4224212
G90	0.5623541	0.5071186	0.5608796	0.5432207	0.6210174	0.6584576	0.6027215	0.5930734	0.5789416	0.5714287	0.6127396	0.5851898	0.5934717	0.5440173	0.5077064	0.4797857	0.5192457	0.5469487	0.4495516	0.5539726	0.5488133
G91	0.4672874	0.3513239	0.5084612	0.3684733	0.4027939	0.321413	0.3598721	0.3988066	0.313512	0.3836164	0.322514	0.323644	0.4994416	0.4201585	0.542713	0.393931	0.3760667	0.4560395	0.3925497	0.4747093	0.3908594
G92	0.3838543	0.3972135	0.3629699	0.4261719	0.5102427	0.3624001	0.38454	0.4195916	0.4284613	0.3790302	0.3790536	0.4357489	0.4095661	0.3796252	0.4157025	0.3999664	0.4349017	0.4909075	0.3116452	0.46863	0.4615462
G93	0.4391735	0.4748063	0.5401207	0.5560052	0.6204052	0.5147377	0.4513702	0.3916737	0.5548952	0.3822211	0.5074769	0.4685587	0.5152669	0.4616546	0.6148805	0.5007254	0.5320353	0.5016138	0.5062405	0.4701315	0.4952856
G94	0.6795528	0.4545576	0.314584	0.2685463	0.2417627	0.3076911	0.2627543	0.1827325	0.2339553	0.2068164	0.2102473	0.532936	0.6784695	0.6430499	0.7728008	0.6774906	0.7391902	0.6724388	0.6478998	0.6987512	0.6940396
G95	0.7061119	0.7191156	0.5335652	0.5680414	0.5946406	0.5012166	0.5376975	0.5303977	0.467228	0.5637655	0.4773294	0.5842648	0.6369236	0.5559427	0.6481787	0.6795168	0.7855248	0.6745045	0.6097296	0.5612292	0.686277
G96	0.8654664	0.6428925	0.6751714	0.6953501	0.6130628	0.6507187	0.6367666	0.7676855	0.8265534	0.6178284	0.6926853	0.5306163	0.6090918	0.5956583	0.6927802	0.7495554	0.6552087	0.8447489	0.717127	0.6108925	0.6253633
G97	0.2378928	0.2676223	0.2178788	0.2884514	0.2103051	0.3489485	0.4138646	0.3030573	0.3407485	0.2328852	0.3505915	0.292771	0.3248657	0.3171749	0.311153	0.2261799	0.3912258	0.2776592	0.3492202	0.262947	0.2633211
G98	0.7057796	0.67584	0.4684381	0.6601652	0.5838318	0.5725753	0.5671045	0.5646684	0.6509981	0.6468044	0.6800161	0.7671562	0.6752362	0.6208036	0.7149536	0.5863663	0.5355547	0.7003797	0.6614227	0.6726546	0.7916326
G99	0.724717	0.867682	0.7640238	0.6744656	0.6558609	0.7395529	0.8403314	0.5556924	0.7069191	0.6391865	0.6286276	0.6176629	0.5674709	0.5288049	0.6490825	0.673529	0.6296377	0.6776004	0.6519203	0.7375236	0.7331797
G100	0.6518946	0.3242324	0.2221577	0.2128904	0.3011961	0.2189176	0.2373763	0.1297637	0.1985567	0.2091592	0.2804628	0.4932308	0.6901317	0.6184463	0.6427536	0.6736741	0.7836987	0.7256308	0.6540037	0.6458887	0.6526575
