ID	0	50	100	150	200	250	300	350	400	450	500	550	600	650	700	750	800	850	900	950	1000
G1	0.3835475	0.3372347	0.2588461	0.3035623	0.4855418	0.3850077	0.4376537	0.6110579	0.6372941	0.5451824	0.4383437	0.5301593	0.5909788	0.620835	0.5376646	0.4249676	0.3872336	0.4610492	0.3748801	0.2788522	0.2654721
G2	0.0096025	0.4255195	0.5554158	0.4793839	0.4928519	0.4534903	0.4730512	0.5468577	0.5930541	0.5747856	0.5481476	0.24292	0.0562177	0.0160285	0.0116916	0.0102972	0.008441	0.0113659	0.0062396	0.0220409	0.0187579
G3	0.6243893	0.5593918	0.5552374	0.672497	0.5202413	0.7209152	0.7442536	0.7435603	0.5775491	0.6718856	0.5894886	0.6685664	0.6944297	0.6912659	0.624327	0.7354159	0.7023591	0.643185	0.7256055	0.7444257	0.5997458
G4	0.2663168	0.4409765	0.6537571	0.625354	0.618036	0.7371374	0.6670814	0.6047855	0.6016885	0.5530093	0.5010872	0.3974681	0.3489445	0.3884356	0.4511868	0.4072306	0.3883177	0.4073402	0.35663	0.3328361	0.2104988
G5	0.1669495	0.14673	0.1706439	0.1780411	0.1546441	0.205974	0.2150605	0.1870099	0.2026227	0.0984755	0.1716338	0.1238725	0.1200696	0.1854691	0.1928757	0.1287049	0.1175298	0.200394	0.144068	0.1550831	0.1990955
G6	0.4432382	0.1800182	0.0539572	0.0253386	0.0341988	0.0294238	0.0460423	0.0105046	0.0116823	0.0230555	0.0408541	0.2026899	0.1990231	0.2280828	0.2611288	0.1952826	0.2905479	0.2913892	0.4498303	0.4604405	0.4316361
G7	0.1875044	0.140875	0.1323019	0.142409	0.1248184	0.1840924	0.1443247	0.1430922	0.1818539	0.1101288	0.100115	0.1905727	0.1613196	0.1686014	0.1805584	0.1485658	0.1039745	0.1562572	0.1702872	0.1483558	0.1608867
G8	0.2703481	0.3419271	0.3615617	0.3432635	0.363213	0.4564089	0.3453174	0.2544409	0.326702	0.3332575	0.3377763	0.2211026	0.1782838	0.1558627	0.1230511	0.1092125	0.0798513	0.1640271	0.1739116	0.2120226	0.3093451
G9	0.2641035	0.3442171	0.3452557	0.2508744	0.2903403	0.3197889	0.276012	0.2603394	0.219815	0.2420372	0.319965	0.3064115	0.3837555	0.3624619	0.2407403	0.3922926	0.2732713	0.3287972	0.3313817	0.2683173	0.2338389
G10	0.4297866	0.4466399	0.3967694	0.4060389	0.4825843	0.4093877	0.4393756	0.587083	0.5287043	0.5511113	0.4577731	0.5147019	0.4991705	0.487367	0.5186408	0.5032863	0.4410054	0.4360189	0.4931137	0.4487942	0.4502621
G11	0.5026078	0.4752953	0.4563139	0.445785	0.42023	0.516083	0.5407428	0.4379753	0.4889587	0.4849847	0.5730022	0.452695	0.4833143	0.4326454	0.4834249	0.3763781	0.4974766	0.5545763	0.6133445	0.5598145	0.5366242
G12	0.411067	0.6094713	0.5859395	0.6853299	0.8466474	0.678764	0.5358967	0.6313998	0.6575296	0.5908261	0.5490467	0.3406675	0.3979349	0.2552811	0.2721336	0.3597248	0.4207857	0.3527343	0.5114758	0.4486176	0.4431409
G13	0.4577954	0.5225511	0.5160016	0.4950803	0.4950793	0.4634529	0.4815996	0.4731662	0.5275828	0.5073811	0.4178152	0.4650644	0.5181506	0.3892939	0.4911236	0.397049	0.4318239	0.4743096	0.4830351	0.4369777	0.4350059
G14	0.3300926	0.2489305	0.2264242	0.1814621	0.2149334	0.2271163	0.3014035	0.2225683	0.2039322	0.2948892	0.2739331	0.3785533	0.3749008	0.3777649	0.3437079	0.3353262	0.2977046	0.3494347	0.376707	0.4334702	0.4005805
G15	0.3093144	0.3434935	0.42547	0.3973294	0.3495662	0.4220997	0.2585684	0.2927126	0.3822174	0.2674438	0.2179187	0.1983811	0.314824	0.2824503	0.2756388	0.2301761	0.3421981	0.2889112	0.3995303	0.4098142	0.3586807
G16	0.0211724	0.0363583	0.0254146	0.0772924	0.0227624	0.0217482	0.0316466	0.066852	0.0550503	0.0318771	0.0486398	0.0391984	0.0394752	0.0363994	0.0506569	0.0370068	0.0353256	0.0333389	0.0749675	0.0404086	0.034739
G17	0.5313475	0.5243413	0.5317943	0.6069412	0.6556792	0.6689073	0.6652455	0.6278363	0.8453799	0.6616465	0.7323021	0.7521784	0.5024987	0.5363587	0.4769395	0.5252414	0.4981594	0.5406435	0.5253075	0.7274723	0.5869545
G18	0.5884546	0.5687383	0.4394922	0.3261096	0.2437145	0.223965	0.1627138	0.1222482	0.1278736	0.135984	0.0958319	0.1465132	0.122525	0.1385704	0.1413376	0.305592	0.4625776	0.4750683	0.4843321	0.3880564	0.303154
G19	0.6341391	0.6162722	0.5951106	0.6055678	0.6586378	0.3423266	0.2383636	0.2330385	0.1946908	0.1958458	0.1130173	0.0957275	0.1141799	0.2088745	0.4229832	0.5289907	0.5976175	0.6220424	0.6892289	0.6137731	0.5207816
G20	0.3098252	0.2779833	0.2702576	0.3368395	0.2672082	0.3423275	0.2826396	0.1514932	0.1770791	0.1612292	0.2002324	0.1292974	0.1034586	0.0957445	0.0929907	0.1185818	0.1874225	0.2221768	0.2796435	0.3503988	0.303643
G21	0.6214171	0.4884458	0.5920435	0.6551674	0.544241	0.5738643	0.5988325	0.7047222	0.5539717	0.708858	0.5228109	0.5843227	0.5698132	0.5186676	0.6197094	0.562822	0.5014078	0.6055683	0.5666076	0.5070707	0.666089
G22	0.7030088	0.5468746	0.687982	0.5811119	0.5879027	0.70619	0.6585873	0.7272839	0.721603	0.6596669	0.653381	0.5906876	0.6588946	0.6430173	0.7359986	0.5297606	0.6162909	0.551053	0.5940033	0.6045465	0.6647545
G23	0.6651998	0.6463146	0.6536498	0.5335001	0.5280191	0.5417278	0.6419676	0.5610497	0.5875822	0.7173943	0.6381131	0.7508671	0.7128073	0.6999284	0.5727362	0.6734901	0.6963623	0.6961369	0.6377134	0.5872898	0.7354614
G24	0.3250611	0.4059561	0.3674134	0.4079692	0.3656975	0.3420831	0.2504359	0.2414157	0.2326435	0.2622314	0.3424924	0.403706	0.3036452	0.4039667	0.5685325	0.6488008	0.6533748	0.5156434	0.5718867	0.4871058	0.4943345
G25	0.3337763	0.3064245	0.2824846	0.2596281	0.2470612	0.2494164	0.2422041	0.265097	0.2489931	0.2680898	0.2155646	0.2148338	0.2911052	0.2731611	0.2359426	0.4048182	0.4850528	0.3739273	0.3951609	0.3945272	0.4417813
G26	0.399005	0.4049848	0.5345548	0.4235677	0.5227571	0.5785397	0.5720667	0.5192804	0.4480217	0.4521979	0.4520741	0.4989196	0.3905439	0.1880223	0.1852344	0.1733715	0.2126627	0.2881136	0.3834879	0.2996614	0.3375895
G27	0.3819784	0.3084794	0.3319812	0.1675658	0.2323549	0.1339748	0.1952227	0.1627422	0.1537899	0.12667	0.1124361	0.1021291	0.1126082	0.2508353	0.3375883	0.3275397	0.3540775	0.3384	0.3345712	0.2756566	0.2675767
G28	0.6054436	0.6398991	0.5402174	0.6052722	0.667966	0.6219005	0.7495751	0.8090544	0.5725461	0.690702	0.52645	0.7571242	0.7084344	0.6883891	0.6686485	0.5597922	0.5270896	0.509606	0.6472921	0.6272527	0.7723353
G29	0.6681558	0.6711942	0.3647139	0.0989165	0.0870679	0.0481985	0.051232	0.1077749	0.0878774	0.116891	0.072319	0.1190964	0.4124281	0.5697784	0.6954281	0.6662641	0.5858523	0.6032831	0.6125488	0.7002031	0.7548628
G30	0.3235445	0.2253921	0.2835775	0.3924179	0.530014	0.5018064	0.6782167	0.7145217	0.5652395	0.6300822	0.6435117	0.7320137	0.5952158	0.6829143	0.4452765	0.3996156	0.3398423	0.2855284	0.4244653	0.3220998	0.309183
G31	0.2762498	0.293204	0.3363653	0.2807239	0.2295446	0.2785984	0.3500888	0.2518213	0.2445344	0.1795207	0.2566383	0.2864986	0.2635276	0.2980893	0.301181	0.3122105	0.3512907	0.286818	0.3092699	0.2067835	0.2520262
G32	0.0318765	0.0207031	0.0081762	0.0421651	0.1862866	0.3811428	0.3892831	0.4512951	0.4615947	0.4174467	0.5259716	0.4804401	0.4242918	0.2833433	0.1226035	0.0689411	0.0303043	0.0474943	0.0369862	0.031004	0.0547552
G33	0.065055	0.11294	0.2083728	0.2901693	0.2568004	0.2891438	0.3266276	0.560742	0.5209986	0.5548296	0.5405283	0.5569161	0.4353011	0.3453908	0.4440321	0.2382097	0.1528479	0.1581034	0.1117526	0.1577447	0.0977603
G34	0.0209228	0.0510758	0.0569758	0.0382016	0.0329783	0.0248579	0.0330896	0.0212997	0.0410268	0.0584274	0.0207717	0.0488721	0.0269372	0.0234095	0.0525209	0.0372011	0.0326855	0.0260359	0.0327097	0.0269197	0.0247867
G35	0.0020642	0.0027202	0.0231258	0.100286	0.0814492	0.094989	0.0984005	0.0909659	0.1486486	0.0697921	0.0863856	0.0762807	0.03562	0.0091732	0.0073383	0.0159419	0.0021604	0.0033551	0.0037575	0.0010445	0.0003313
G36	0.4278598	0.4522508	0.3974855	0.4197605	0.1944578	0.2380858	0.1500277	0.1421078	0.0837541	0.0544897	0.0524795	0.0541925	0.0387744	0.0603146	0.0350821	0.098774	0.0479051	0.0753219	0.1091198	0.2782119	0.2825578
G37	0.0432647	0.0631255	0.1091755	0.1538252	0.1055691	0.2197338	0.2874384	0.3699652	0.4413164	0.4253658	0.3716786	0.4434624	0.5009503	0.4413699	0.3591927	0.4303782	0.2944316	0.2489047	0.1199662	0.1774227	0.0822343
G38	0.0287039	0.023503	0.0291518	0.0486954	0.0425828	0.0597209	0.0337837	0.0197085	0.0326248	0.0313476	0.0513228	0.0533123	0.07034	0.0378372	0.0300218	0.0392775	0.0270729	0.0333557	0.0260481	0.0184928	0.0344479
G39	0.56407	0.5345705	0.5495554	0.3703179	0.5225378	0.5131672	0.5052062	0.5423557	0.6187578	0.4589171	0.4451418	0.4492226	0.5874348	0.5627544	0.6637597	0.6376343	0.6093278	0.4681894	0.6224322	0.6372463	0.6346988
G40	0.3269902	0.3040155	0.3648597	0.4029354	0.5803223	0.5263231	0.6276872	0.5987771	0.5768938	0.6619817	0.5749943	0.7022042	0.5400729	0.3273065	0.4156478	0.3783323	0.2405788	0.2958276	0.482338	0.4278089	0.4324641
G41	0.743853	0.5712989	0.5986934	0.6271133	0.5205055	0.6332422	0.5850224	0.5506821	0.7390707	0.6256675	0.7300357	0.6959238	0.6665505	0.5982143	0.6638749	0.5896308	0.703142	0.6028022	0.6671855	0.679825	0.625762
G42	0.5267048	0.656962	0.8242138	0.6259188	0.5847942	0.6630247	0.5593342	0.6219665	0.6563506	0.6404262	0.8034738	0.7492941	0.6071404	0.5252923	0.6349345	0.5924129	0.5804479	0.6339299	0.6151244	0.5338433	0.6387173
G43	0.3045528	0.1130651	0.0244886	0.0122301	0.0052183	0.0043467	0.0000988	0.0059571	0.0003062	0.0001641	0	0.0214933	0.1043313	0.1701351	0.2523306	0.2691626	0.2916723	0.2422751	0.3436039	0.2363523	0.297857
G44	0.0797662	0.0435357	0.0256074	0.0355725	0.0450521	0.0443464	0.0131124	0.0376143	0.0236329	0.0235666	0.0203042	0.0426281	0.0540519	0.0672306	0.0961543	0.0835539	0.0493467	0.0470028	0.0867893	0.077427	0.0744666
G45	0.3296004	0.2955947	0.3595734	0.3426921	0.3683509	0.376893	0.3534432	0.3571816	0.3319942	0.4043926	0.3943182	0.2952218	0.3430647	0.3193831	0.3798902	0.4770168	0.3122769	0.3840524	0.3498655	0.3291346	0.4266599
G46	0.585077	0.4794036	0.5425465	0.5623376	0.3953949	0.3977605	0.4508013	0.5154584	0.605715	0.5672235	0.522695	0.5762636	0.5504722	0.4980281	0.5001099	0.5323729	0.6477049	0.524188	0.4952894	0.5790174	0.6067332
G47	0.8369563	0.5492194	0.5498823	0.610782	0.5339687	0.60432	0.6383043	0.6380229	0.7571819	0.6323498	0.6439125	0.5730698	0.637253	0.6363509	0.6281366	0.5930268	0.6238603	0.6799048	0.6865247	0.646633	0.6071376
G48	0.0847027	0.0433341	0.0496536	0.0491155	0.0672833	0.0372778	0.029485	0.0249442	0.0517456	0.0274752	0.057587	0.0353948	0.0266326	0.0179759	0.0288561	0.0399117	0.0296323	0.014211	0.0173212	0.0226459	0.0382366
G49	0.2661572	0.3714102	0.3563666	0.3459966	0.4041202	0.3855653	0.5342811	0.4141879	0.5475537	0.3772553	0.3927961	0.3234034	0.2239341	0.2923396	0.2899828	0.307846	0.2995033	0.3200208	0.3457199	0.3663626	0.3090386
G50	0.3420631	0.4079899	0.277308	0.3201282	0.2923144	0.3453078	0.3943183	0.4606974	0.5373901	0.4362949	0.5579488	0.4835586	0.502984	0.5443647	0.4368492	0.4207084	0.4725189	0.3288354	0.3385862	0.2777769	0.3036408
G51	0.417484	0.5748845	0.592527	0.5652897	0.5831069	0.4666415	0.5196289	0.5332323	0.5230723	0.5318585	0.520194	0.4608959	0.5537926	0.4433116	0.6278131	0.5128385	0.6130428	0.4738009	0.5901813	0.6224418	0.5977189
G52	0.4251016	0.5027028	0.4969908	0.5320442	0.4328737	0.47269	0.4247442	0.3979821	0.4174047	0.328756	0.4063224	0.3257378	0.3144056	0.293903	0.3739066	0.3362987	0.4361598	0.5518131	0.5125927	0.4517045	0.4775118
G53	0.540669	0.7391373	0.555246	0.5371533	0.6040359	0.2822655	0.1632914	0.196953	0.1281757	0.1565986	0.1563767	0.1499516	0.1545691	0.1725995	0.2390333	0.5419898	0.5957926	0.7053223	0.6560328	0.6632556	0.6747765
G54	0.583688	0.6713633	0.7421941	0.6901938	0.7420722	0.6367145	0.5949675	0.640583	0.4412534	0.465969	0.4343236	0.3368977	0.4330098	0.4651275	0.566057	0.6017101	0.5631829	0.6550587	0.6850581	0.664515	0.6771175
G55	0.0171877	0.0125355	0.0095493	0.0045847	0.0144259	0.0144516	0.0037816	0.0121146	0.0281333	0.0290843	0.0176054	0.0292615	0.0063676	0.0337942	0.006269	0.022699	0.0241375	0.019284	0.0301347	0.017173	0.0524232
G56	0.6462497	0.5711252	0.5150995	0.575259	0.628743	0.5222045	0.5647826	0.7146654	0.6205308	0.7158667	0.629521	0.6017236	0.7980271	0.5169408	0.646135	0.7887946	0.8025907	0.6508596	0.6628933	0.6521896	0.5867916
G57	0.5479535	0.2157419	0.0607853	0.0297661	0.0314051	0.0160586	0.0189214	0.017762	0.0144692	0.0253765	0.0149049	0.3739013	0.6450574	0.6000633	0.6684743	0.534336	0.5899122	0.5194413	0.6665957	0.6479097	0.6018295
G58	0.5772959	0.481866	0.6004699	0.5276742	0.55489	0.4953014	0.6377389	0.5807753	0.6002366	0.5837202	0.5480025	0.4586541	0.4826432	0.5702957	0.6265886	0.562652	0.6709038	0.5386982	0.506621	0.6526074	0.565461
G59	0.4336388	0.3095493	0.3280225	0.4349573	0.3490792	0.2873237	0.2607983	0.2691747	0.3327466	0.379112	0.3064795	0.3416555	0.3230342	0.3811011	0.3056353	0.3688195	0.3745382	0.2959644	0.5244937	0.4099352	0.332894
G60	0.1301526	0.0462743	0.0101398	0.0012016	0.0004896	0.000105	0.0006708	0.0003817	0.0001029	0.0000288	0.0002809	0.1165872	0.1469887	0.1696219	0.1844744	0.0990312	0.1206444	0.1070556	0.116542	0.1284571	0.1178254
G61	0.1148954	0.0748035	0.0687698	0.0470977	0.0630585	0.0438381	0.0697674	0.0568022	0.047089	0.0518546	0.0612778	0.0190933	0.0723377	0.0567397	0.092067	0.087041	0.1020514	0.0725619	0.0596766	0.0836847	0.0731429
G62	0.3583611	0.2527761	0.2739067	0.2775353	0.2395803	0.1322026	0.115536	0.0828001	0.0871611	0.0607289	0.0978134	0.0688607	0.1049984	0.1348269	0.1698159	0.243281	0.3047808	0.2398772	0.3540887	0.2349435	0.1695059
G63	0.6065535	0.6381581	0.660472	0.6667399	0.6601242	0.5579974	0.5714823	0.6450593	0.6884368	0.5609513	0.5515313	0.6493596	0.5605465	0.5371292	0.7022287	0.6475947	0.6674804	0.6552454	0.4733332	0.6244898	0.7129912
G64	0.1162993	0.102892	0.080088	0.0510233	0.084811	0.0539328	0.0567437	0.1104215	0.0582667	0.1252952	0.0437402	0.0715237	0.080214	0.088253	0.1135879	0.1123117	0.1085131	0.0808729	0.0945029	0.084615	0.0650742
G65	0.6608856	0.6945668	0.6301044	0.7320905	0.7703261	0.6760518	0.6373028	0.5921128	0.6780192	0.6424091	0.5513165	0.650239	0.6313648	0.5758879	0.6035641	0.6831516	0.6229213	0.601767	0.6358793	0.7721769	0.6464218
G66	0.3901355	0.5085844	0.3517572	0.5090036	0.4493182	0.4336508	0.4368389	0.5028495	0.4263634	0.402964	0.381443	0.5686572	0.4275694	0.4609083	0.4389213	0.4226045	0.5065053	0.4988672	0.4899265	0.3841494	0.4698776
G67	0.6934465	0.6118016	0.7163886	0.6697332	0.769427	0.6311321	0.6088741	0.6898624	0.5328643	0.5963048	0.5576214	0.5935362	0.6637354	0.6266475	0.6035804	0.6402453	0.685955	0.6490705	0.5995924	0.714466	0.6066402
G68	0.6497889	0.5665804	0.6097248	0.6586595	0.6143755	0.6031266	0.3620064	0.2332325	0.1077127	0.1117705	0.1733274	0.0634116	0.0934133	0.084855	0.1134902	0.2982525	0.3906192	0.573763	0.5682735	0.5956003	0.5938484
G69	0.5305991	0.548589	0.6122953	0.7619715	0.8854324	0.6867012	0.5743743	0.7479726	0.6378777	0.564215	0.7231091	0.5624441	0.6427296	0.738879	0.6242266	0.6119781	0.7263983	0.7548006	0.7144339	0.5828484	0.6820872
G70	0.597277	0.6794925	0.5870176	0.5597565	0.5843991	0.5608734	0.5763013	0.6813044	0.5239786	0.5658056	0.6044235	0.6565053	0.6285549	0.683896	0.6702351	0.6041555	0.6109029	0.7027729	0.6997048	0.6426766	0.6608804
G71	0.0296871	0.0521017	0.0310036	0.0235068	0.0451105	0.04727	0.0336732	0.0227376	0.0613437	0.0261353	0.0203011	0.0457576	0.0407548	0.0439758	0.0504604	0.0418829	0.0347039	0.0414948	0.0507894	0.0551401	0.0387018
G72	0.1555555	0.1859521	0.188434	0.1324863	0.158975	0.1511056	0.1377169	0.0804746	0.1132009	0.1213661	0.1112066	0.1101164	0.0895956	0.1374133	0.1584368	0.0967333	0.173851	0.1461611	0.1280205	0.1467735	0.163639
G73	0.5804917	0.5417294	0.6756027	0.7271322	0.6664833	0.6829205	0.5971465	0.6151142	0.6735193	0.6712974	0.6776668	0.5895734	0.5939854	0.6204124	0.5806051	0.6431139	0.6428036	0.700779	0.6550195	0.7372236	0.5754298
G74	0.5510954	0.6138975	0.5375131	0.6492966	0.6669659	0.6782729	0.5809658	0.5858301	0.6950207	0.7008414	0.5998059	0.5804691	0.6417303	0.6174733	0.5945646	0.6725285	0.69024	0.7415357	0.7331232	0.7589966	0.70407
G75	0.1466872	0.0730523	0.1172638	0.044924	0.0403411	0.0845437	0.0450915	0.1162778	0.0716188	0.06901	0.0839434	0.0927919	0.1805366	0.1471394	0.1500325	0.099911	0.0942939	0.1176898	0.1132761	0.1717629	0.1419101
G76	0.6637583	0.6754899	0.6837031	0.795808	0.5801247	0.6425494	0.759876	0.6330645	0.7116254	0.6528957	0.6663581	0.5622217	0.6083823	0.6746454	0.6863122	0.6897814	0.7359824	0.6675844	0.6541093	0.6754345	0.6841918
G77	0.6749825	0.6484231	0.5711811	0.5926565	0.5556126	0.6781432	0.6814473	0.5549249	0.5288009	0.5790957	0.5705792	0.7158696	0.6566824	0.6251191	0.6210194	0.5800691	0.6958382	0.5547466	0.5975057	0.5496406	0.6087368
G78	0.0112108	0.0245391	0.0469348	0.0748421	0.1038453	0.173262	0.2143007	0.2057458	0.1329867	0.1366654	0.1110089	0.1434454	0.0684897	0.0621778	0.0335246	0.0481707	0.0233797	0.0113134	0.0102594	0.0319059	0.0187941
G79	0.7468066	0.6284711	0.7962718	0.6694237	0.6708907	0.615605	0.5560123	0.7017146	0.6266422	0.7195733	0.6511753	0.6839915	0.6052842	0.7534111	0.5389304	0.6959318	0.7267334	0.7635023	0.7025067	0.7108548	0.5584641
G80	0.1604592	0.1695785	0.1988416	0.3013455	0.2402232	0.2734242	0.2667589	0.2585776	0.2106227	0.1936414	0.1803758	0.1619226	0.165691	0.1176216	0.2073694	0.2398309	0.2187115	0.1685955	0.2148974	0.233451	0.1771738
G81	0.7252986	0.7661098	0.6563668	0.5603943	0.5863335	0.7815337	0.6196468	0.6076088	0.609566	0.7395994	0.7652748	0.6355634	0.6682831	0.792998	0.5722855	0.5464706	0.6636024	0.6542759	0.5956735	0.5900468	0.5787444
G82	0.0001242	0.0004425	0.000814	0	0.0120735	0.0028152	0.0005534	0.0006428	0.000162	0.0004854	0.0001408	0.0001764	0.0015091	0.0032978	0.0031277	0.0007153	0.0003145	0.0047292	0.0032145	0.0010417	0.0003677
G83	0.4322905	0.5609246	0.5533261	0.5601788	0.6227541	0.5470808	0.6282305	0.6185396	0.5667629	0.5661702	0.5649118	0.475212	0.5322838	0.5282273	0.4372467	0.4354588	0.3688233	0.4399374	0.537595	0.3864357	0.4387676
G84	0.6430414	0.6924791	0.722199	0.7402678	0.8061954	0.6297362	0.6493126	0.6654587	0.6849297	0.6923166	0.5752041	0.7417091	0.6032835	0.5852909	0.6173393	0.6108687	0.6927762	0.6314119	0.5585836	0.630609	0.6084562
G85	0.0303934	0.3144	0.4165972	0.4377845	0.5052527	0.5187451	0.6201694	0.4912812	0.5525988	0.5365576	0.5207868	0.0644904	0.0071551	0.0148233	0.0160772	0.0065959	0.0218078	0.0073912	0.0050724	0.0061847	0.0153976
G86	0.2180926	0.1583957	0.0939054	0.0676172	0.0510877	0.0454876	0.0332922	0.0916579	0.0855722	0.1150157	0.1045282	0.0908035	0.1464132	0.130685	0.168405	0.1231126	0.2778165	0.1605559	0.1370448	0.1581912	0.1378336
G87	0.31114	0.2891563	0.2210221	0.1289976	0.1162993	0.1046263	0.1108407	0.1340658	0.1171108	0.0709332	0.094945	0.2519724	0.379219	0.4122904	0.4609569	0.307478	0.2567299	0.2609993	0.3207331	0.2765779	0.337899
G88	0.3312491	0.0960189	0.0712626	0.0882297	0.1239782	0.1760845	0.1424036	0.0971474	0.1800036	0.0983792	0.1475116	0.4999782	0.4759814	0.4694118	0.5466197	0.374699	0.3805728	0.3383871	0.3180189	0.3908796	0.3640284
G89	0.4999786	0.4371823	0.1694394	0.0890809	0.0260767	0.0408418	0.106588	0.0342035	0.0319166	0.0337907	0.034171	0.055549	0.0654948	0.0824158	0.1339762	0.1184791	0.1433033	0.1254596	0.2625388	0.2779701	0.5270082
G90	0.0339336	0.2889623	0.447416	0.5784033	0.4822419	0.5249998	0.3465543	0.3799593	0.4533204	0.3293037	0.4231897	0.1985121	0.0550405	0.0349537	0.0161044	0.014454	0.0259139	0.0115182	0.0067466	0.0158467	0.0258318
G91	0.6497843	0.4325334	0.2128061	0.2592648	0.1779383	0.3311804	0.2707845	0.3169333	0.3152536	0.3588265	0.3945843	0.4102956	0.464882	0.4532461	0.4904993	0.5422335	0.6836339	0.7043354	0.632369	0.6078409	0.7319075
G92	0.6299875	0.5452596	0.539587	0.5289633	0.4986698	0.6579576	0.6470926	0.6903934	0.5534881	0.6694986	0.5326354	0.7081405	0.6717828	0.6739151	0.7188244	0.7783128	0.5348148	0.6106253	0.6278277	0.6503065	0.6160516
G93	0.0274172	0.1367946	0.2078422	0.2309673	0.2382586	0.2569821	0.2283332	0.2444091	0.3228926	0.3163439	0.2846634	0.2444288	0.1856635	0.1093071	0.0760594	0.0581076	0.0403089	0.07363	0.0466213	0.0274728	0.0305395
G94	0.0125279	0.0140294	0.0424486	0.0298634	0.0619561	0.0401205	0.0654924	0.0883146	0.0781591	0.0580842	0.1143515	0.0861827	0.0631185	0.047524	0.0334291	0.0481879	0.0407747	0.0132287	0.0311623	0.0330545	0.0295688
G95	0.0304509	0.2369889	0.1520798	0.2172429	0.3157297	0.1745879	0.1569054	0.1965577	0.1984554	0.3198845	0.2913633	0.0669207	0.0344388	0.0173746	0.0061312	0.0101755	0.0169633	0.0231595	0.0037549	0.0225993	0.0116167
G96	0.6140769	0.7669009	0.6914367	0.5636533	0.72795	0.7765654	0.5782529	0.5582081	0.5520436	0.698143	0.6123498	0.6463363	0.6496432	0.8189017	0.6723295	0.6091414	0.6335665	0.5244522	0.6195502	0.61672	0.5886735
G97	0.6859722	0.7045274	0.5594411	0.6730974	0.625469	0.7167693	0.6668684	0.63039	0.7269562	0.5994608	0.7243831	0.6626125	0.5668135	0.5474436	0.6194297	0.6334803	0.5696828	0.640058	0.6344173	0.6675504	0.7374674
G98	0.0783235	0.4231234	0.6384673	0.6252158	0.5572467	0.4716404	0.6327575	0.4622091	0.5104848	0.4712948	0.5370695	0.26846	0.1793862	0.1198842	0.0716633	0.0635151	0.0507214	0.0620258	0.0335241	0.0604199	0.1007613
G99	0.693478	0.6344327	0.7015236	0.7717362	0.5424108	0.6259612	0.6424409	0.6159223	0.5703247	0.7163556	0.7311968	0.5773721	0.5147455	0.4891879	0.5200538	0.4829381	0.5788289	0.5564791	0.6228785	0.6564511	0.5847735
G100	0.2396929	0.2368557	0.2238721	0.1509368	0.2167466	0.1989291	0.2145207	0.2790025	0.204126	0.2390043	0.3767857	0.3160797	0.2913265	0.3994002	0.3766698	0.3208219	0.2382642	0.205653	0.168927	0.1624607	0.1874846
