ID	0	50	100	150	200	250	300	350	400	450	500	550	600	650	700	750	800	850	900	950	1000
G1	0.3584024	0.347547	0.382536	0.3042441	0.3243386	0.2727986	0.4213148	0.4025341	0.3298661	0.3751136	0.4221357	0.3805872	0.4949548	0.3797541	0.4025701	0.5611988	0.5014493	0.5148696	0.3784036	0.5011254	0.4794202
G2	0.0149329	0.0130311	0.0127769	0.012237	0.0250558	0.011705	0.0245475	0.0015388	0.0091205	0.0024862	0.0024763	0.0081028	0.0117742	0.0057426	0.0061517	0.0151123	0.0053075	0.0100156	0.0096877	0.0089231	0.0109922
G3	0.6541055	0.8038006	0.6653569	0.5576142	0.6269541	0.6738133	0.7410709	0.5413336	0.6617354	0.7349897	0.6411068	0.8254905	0.6051432	0.5405722	0.4985167	0.6619096	0.5976165	0.5420472	0.6651081	0.7159962	0.6565906
G4	0.242828	0.2502243	0.3390434	0.2161826	0.191889	0.2138666	0.1956243	0.2733721	0.317727	0.2636266	0.3023663	0.3240156	0.3052462	0.3285304	0.3652271	0.3549322	0.3909253	0.3458137	0.3283618	0.3685001	0.4061011
G5	0.1907633	0.2240481	0.2494948	0.31497	0.3158393	0.2389859	0.2715738	0.2440805	0.2558093	0.2003597	0.196817	0.2470121	0.169353	0.1647074	0.1932495	0.1501282	0.1964712	0.1606754	0.1880079	0.1791042	0.1595832
G6	0.4203905	0.515953	0.4254222	0.531903	0.4409091	0.4517045	0.3021139	0.3959871	0.4414669	0.4223364	0.427282	0.4052756	0.2792564	0.3902047	0.3102001	0.324387	0.3141969	0.3356931	0.2572699	0.3234782	0.3479288
G7	0.1401608	0.1325735	0.1333607	0.1296521	0.1556396	0.1143222	0.0887395	0.1380095	0.2090472	0.1247164	0.1642863	0.1402101	0.1281186	0.1273342	0.2181428	0.1223443	0.1849904	0.1336629	0.1511876	0.1522656	0.1794438
G8	0.2421978	0.2281644	0.2064951	0.2274176	0.2607223	0.2265902	0.3221935	0.2231505	0.1620504	0.1985765	0.240215	0.2172725	0.146694	0.0841312	0.1314238	0.1600408	0.0878433	0.1017718	0.1159902	0.1513292	0.1125453
G9	0.3221104	0.1680431	0.1153697	0.0891296	0.0538035	0.0703928	0.0911431	0.0545057	0.0848422	0.1013258	0.1301438	0.3030768	0.4061818	0.3124904	0.3119098	0.3909424	0.4006343	0.2970424	0.3952369	0.2825949	0.3564675
G10	0.4822431	0.6123797	0.670098	0.5972054	0.5830231	0.6646233	0.6158766	0.4119099	0.4394192	0.5349715	0.5036593	0.5077181	0.482635	0.5973701	0.4761604	0.55822	0.4725154	0.4979264	0.5091116	0.5863506	0.5025515
G11	0.4760792	0.5243573	0.4553703	0.4595602	0.3672898	0.3916095	0.3555106	0.3439806	0.424951	0.5232919	0.4449197	0.4205674	0.5450699	0.541288	0.5729743	0.5321349	0.5081324	0.5474288	0.5543437	0.5511771	0.6198124
G12	0.4935786	0.3821464	0.412509	0.3756615	0.2805429	0.1323163	0.0693048	0.0505976	0.0315591	0.0580357	0.0443521	0.0798024	0.2322101	0.3087854	0.3764689	0.4437786	0.5086194	0.5518263	0.4222037	0.4949444	0.4711683
G13	0.4611333	0.520136	0.5677128	0.542362	0.5995603	0.5786075	0.6418246	0.7154653	0.5754283	0.7437593	0.6924921	0.6903682	0.6371392	0.4742859	0.4523944	0.4878184	0.4418414	0.4518614	0.3184103	0.3059082	0.4783364
G14	0.4127048	0.4300239	0.4616745	0.4500344	0.6065509	0.5040982	0.5282944	0.6128591	0.4719189	0.5872336	0.5087474	0.5499313	0.3911593	0.3527376	0.335512	0.4058567	0.3943719	0.3989663	0.2868258	0.3544009	0.3655161
G15	0.439411	0.3047875	0.3865122	0.4100493	0.3488776	0.3881261	0.4150343	0.4369542	0.3942736	0.4151037	0.3449822	0.2865686	0.2516667	0.2968642	0.2431244	0.2503794	0.3570357	0.3661801	0.3046831	0.3041358	0.3158062
G16	0.0649465	0.1256589	0.1987515	0.1497186	0.1213266	0.1564777	0.149964	0.1809831	0.1532259	0.1177723	0.1739514	0.0595523	0.0314277	0.030526	0.0331901	0.0234657	0.0234753	0.0724546	0.0202135	0.0404369	0.0231109
G17	0.5331849	0.4771259	0.4920993	0.4913423	0.4573592	0.4869402	0.427768	0.4303544	0.5701554	0.4867671	0.4838114	0.5760078	0.5361405	0.4770476	0.3768105	0.5474114	0.4729058	0.604948	0.5255344	0.5096703	0.5103997
G18	0.43739	0.4755418	0.4261528	0.4087373	0.4261431	0.3404583	0.2867085	0.3460013	0.4466781	0.2743514	0.2805353	0.1750766	0.1858056	0.2067758	0.1722413	0.1621994	0.1911695	0.24521	0.268562	0.2640565	0.2688703
G19	0.7527643	0.7239966	0.6202266	0.4923182	0.4103124	0.1964428	0.1640076	0.092146	0.112241	0.1400241	0.1198862	0.0842404	0.2613927	0.5262698	0.6320604	0.6623112	0.6316035	0.6450922	0.6177387	0.7278898	0.6190414
G20	0.3012962	0.3762038	0.3358264	0.3522102	0.3256489	0.3503537	0.2880293	0.2719469	0.233121	0.2985281	0.3418979	0.2035923	0.1778617	0.1036402	0.1142682	0.1269304	0.1975677	0.1776926	0.1470909	0.1260007	0.1049176
G21	0.5728039	0.6966743	0.6298035	0.7666691	0.550931	0.6149764	0.6349184	0.6017709	0.5986054	0.7260407	0.6671131	0.6010836	0.7193455	0.5771152	0.6136995	0.5724615	0.6452414	0.4696453	0.5235189	0.5380353	0.5463225
G22	0.6113896	0.5889048	0.4813429	0.4618107	0.5516089	0.6168206	0.491387	0.5759642	0.5611154	0.4388124	0.5862716	0.6223666	0.5962932	0.6242184	0.7280543	0.6406397	0.5359258	0.6560157	0.6907263	0.607327	0.7204245
G23	0.7503523	0.6182423	0.5479837	0.6787314	0.6721341	0.5414999	0.5900507	0.6744589	0.6287423	0.6355536	0.5391229	0.5875725	0.5964476	0.6437656	0.5915067	0.6495581	0.7150724	0.6073033	0.6265296	0.6059342	0.7248233
G24	0.3889969	0.189711	0.1952703	0.1617191	0.1818618	0.1985185	0.2869721	0.2689028	0.3088831	0.3116075	0.2665822	0.5309679	0.6626174	0.5867074	0.6320358	0.6111978	0.6724532	0.6892275	0.568082	0.5638028	0.4326698
G25	0.3868903	0.2893536	0.2892627	0.151496	0.2045595	0.1805251	0.2508548	0.2730487	0.2528922	0.2373062	0.267625	0.3036662	0.2787149	0.3920804	0.4522916	0.4608807	0.3778515	0.4612523	0.391219	0.4926583	0.4553206
G26	0.4684564	0.3613135	0.392717	0.2898232	0.2768533	0.1882076	0.0823248	0.1150372	0.0742766	0.0286688	0.0477672	0.0367856	0.0198314	0.0347426	0.1231914	0.1287715	0.2252086	0.3438201	0.2890773	0.3589741	0.3910076
G27	0.3359075	0.2126891	0.2772298	0.2169132	0.1524842	0.1422591	0.1175721	0.0858508	0.082754	0.0852385	0.0665012	0.178438	0.3126032	0.2857584	0.2453752	0.1948535	0.2165975	0.3322292	0.1596797	0.2955903	0.3238116
G28	0.6023863	0.588537	0.6748796	0.6549636	0.6322832	0.6325156	0.7015715	0.6413421	0.5925569	0.6261698	0.4711641	0.2144579	0.1569423	0.1214556	0.0799254	0.0692143	0.2553005	0.4086345	0.5732013	0.7511322	0.5976195
G29	0.682266	0.186965	0.1190343	0.160156	0.0893653	0.1299165	0.0843395	0.1021981	0.0934065	0.1468202	0.1152968	0.514151	0.6041853	0.7654774	0.6241903	0.5743086	0.570637	0.5924265	0.5412841	0.71868	0.5184724
G30	0.3228613	0.3907561	0.5867553	0.641715	0.7107088	0.5816027	0.6196853	0.5447152	0.5744326	0.5774019	0.5831077	0.6047075	0.4268357	0.3862849	0.3506927	0.3563676	0.3377541	0.366398	0.3327639	0.3377306	0.3078801
G31	0.2721356	0.3089765	0.3704836	0.3358883	0.3865187	0.3501295	0.3946257	0.3666506	0.3819967	0.3937243	0.5499838	0.3150723	0.2720647	0.2829005	0.2779361	0.2740415	0.2740187	0.2808628	0.2764696	0.3341596	0.2461728
G32	0.0153595	0.0245257	0.1833565	0.322732	0.6038085	0.5387487	0.5612178	0.5734684	0.583441	0.561489	0.540689	0.3404593	0.1619124	0.0869145	0.0458378	0.0473931	0.0416276	0.0352437	0.0437425	0.0503943	0.042492
G33	0.1011754	0.2650463	0.2890233	0.3237975	0.5739356	0.5201091	0.7147351	0.5986402	0.5567532	0.4983282	0.545824	0.4222262	0.465171	0.3854302	0.2909078	0.1835162	0.235984	0.0736499	0.0845504	0.1024823	0.0979418
G34	0.0581482	0.0327441	0.0387948	0.0258252	0.050822	0.0303691	0.0303361	0.0253848	0.0268537	0.0356333	0.0230089	0.0332015	0.0295806	0.0283875	0.0228821	0.0388643	0.0340108	0.026013	0.0370245	0.0290847	0.0162395
G35	0.0024916	0.0037671	0.0004409	0.0022105	0.0010287	0.0012543	0.0015108	0.0070774	0.0013559	0.0004614	0.0003301	0.0014784	0.0016612	0.001914	0.0007285	0.0007241	0.0005864	0.0004326	0.005167	0.0015149	0.0032444
G36	0.4534452	0.4344644	0.2527467	0.2447788	0.1363113	0.1021547	0.0704141	0.0731362	0.0470762	0.0342094	0.0457687	0.0298216	0.0530215	0.0545069	0.0569464	0.1003865	0.1649651	0.1282165	0.2582644	0.3927924	0.3461597
G37	0.073002	0.057202	0.1519042	0.1555389	0.2835494	0.3720966	0.4125659	0.4845105	0.728311	0.4643942	0.4830096	0.5021315	0.509165	0.4012788	0.3944726	0.3363405	0.2802898	0.1658115	0.1407531	0.1344573	0.0813321
G38	0.0405212	0.0415659	0.0313687	0.0350537	0.030811	0.0269642	0.0381419	0.0460875	0.0923045	0.0679637	0.0728395	0.0368565	0.0705009	0.0385736	0.0622156	0.0628939	0.0784319	0.0529505	0.0657597	0.027374	0.0556333
G39	0.5588151	0.5226017	0.4942436	0.6244238	0.5513754	0.603727	0.487584	0.6022631	0.5936259	0.579724	0.6291741	0.6309909	0.5052517	0.5644899	0.4995782	0.6254224	0.5420116	0.4677518	0.4452987	0.5134989	0.7186752
G40	0.3634912	0.2773234	0.3737958	0.3678069	0.388842	0.3072191	0.3250022	0.4002335	0.3776951	0.5758303	0.4863638	0.4432942	0.5460986	0.4231243	0.520485	0.5737252	0.4604843	0.3980922	0.42755	0.4343446	0.4397157
G41	0.7119778	0.7740401	0.6003984	0.6368981	0.7108513	0.6792635	0.6830779	0.6895907	0.6897102	0.6691243	0.729334	0.6184448	0.6305581	0.7032374	0.6428209	0.7943263	0.729111	0.5603051	0.6835061	0.7909335	0.695333
G42	0.6212054	0.6152403	0.6333128	0.6656183	0.7099891	0.594518	0.6422784	0.6808848	0.6147133	0.6397169	0.664409	0.6215398	0.8117437	0.5777115	0.6833158	0.6491162	0.7111608	0.6361086	0.5983444	0.6328958	0.6706788
G43	0.2625874	0.1263188	0.0609289	0.0901682	0.063781	0.0654235	0.0658262	0.0946886	0.0988964	0.0964922	0.0958316	0.269514	0.256378	0.2603881	0.2934772	0.2803188	0.2614494	0.2571777	0.2066438	0.2915418	0.2116269
G44	0.0302049	0.0314522	0.0632033	0.116829	0.0809985	0.0800418	0.0849782	0.0969005	0.1224461	0.0918258	0.1166038	0.1002645	0.0473026	0.0579741	0.042683	0.0465465	0.0785902	0.0632759	0.0685839	0.1068775	0.047977
G45	0.3029635	0.3632228	0.320271	0.2857658	0.3032503	0.3527022	0.3248792	0.3755519	0.2909358	0.3224739	0.3057332	0.363822	0.3127231	0.3585326	0.3805501	0.3603394	0.4248853	0.4373389	0.3672095	0.3251795	0.3606759
G46	0.4676353	0.5987176	0.5602288	0.5626735	0.546484	0.6727333	0.5430325	0.5100624	0.5531901	0.5843468	0.6739087	0.5349566	0.5398576	0.5600484	0.4716609	0.5820308	0.4449268	0.4814034	0.5834765	0.4252871	0.532424
G47	0.6385295	0.7396668	0.5873696	0.6655786	0.7674123	0.6770863	0.5789693	0.5715274	0.6493612	0.7095318	0.6329893	0.6045746	0.6352095	0.5831289	0.6505204	0.6049926	0.6275789	0.6310114	0.6030809	0.5530883	0.7132866
G48	0.0344789	0.0237216	0.015563	0.022153	0.0327444	0.0780637	0.1069541	0.0865935	0.0789658	0.1486356	0.0553118	0.0547646	0.0742643	0.0622213	0.0332878	0.0310753	0.0152286	0.0438117	0.022171	0.0431958	0.0150376
G49	0.2791653	0.313308	0.331528	0.2838987	0.2788547	0.2695464	0.3262865	0.2989603	0.3327275	0.2504667	0.28256	0.2445163	0.2198101	0.209436	0.2337832	0.242938	0.2651748	0.2709705	0.2700492	0.3077712	0.3316894
G50	0.3293197	0.3487396	0.3805242	0.3383042	0.4918411	0.4467462	0.4916996	0.427251	0.493454	0.5145791	0.5722453	0.5815278	0.5358074	0.4425587	0.486021	0.4613554	0.2996507	0.3898869	0.3354905	0.3192303	0.3786055
G51	0.5412404	0.5323953	0.5441643	0.522475	0.5692924	0.4669281	0.4452422	0.4173264	0.3690543	0.4556027	0.4580914	0.3777777	0.4770855	0.3851187	0.5198636	0.5300705	0.4465858	0.4788214	0.5465873	0.6165647	0.4918136
G52	0.5253885	0.5258961	0.5216139	0.5797745	0.6720333	0.7237018	0.5522922	0.6027701	0.6125873	0.5727182	0.5010066	0.3304293	0.2994813	0.3701709	0.4353552	0.4287725	0.365874	0.3757748	0.432133	0.3681767	0.471782
G53	0.5731818	0.4021165	0.3106578	0.0708962	0.0404437	0.0080407	0.0032027	0.0028637	0.0018134	0.0000868	0.0002844	0.0709798	0.1077336	0.2953606	0.5273714	0.6389204	0.6008531	0.5860451	0.5700512	0.6040282	0.7466764
G54	0.6455626	0.6629596	0.6487068	0.5671286	0.6244532	0.4843845	0.4562176	0.4477215	0.447836	0.3952936	0.3181154	0.3868247	0.5023909	0.612412	0.6398941	0.6369288	0.7375918	0.6593937	0.6991438	0.6634871	0.7130453
G55	0.0340416	0.0120151	0.0246488	0.0144453	0.0085684	0.0123013	0.0095034	0.0150107	0.0113625	0.0322508	0.0157904	0.0106604	0.0116808	0.0047097	0.0283859	0.0049077	0.0090859	0.0133025	0.0106972	0.0241874	0.0215727
G56	0.6018783	0.7739581	0.7010524	0.5906388	0.7255583	0.6386477	0.5976606	0.6925737	0.718735	0.7399195	0.6818438	0.622838	0.6504652	0.6609559	0.6624914	0.593948	0.6495975	0.7011281	0.5803479	0.6673294	0.6113425
G57	0.6746993	0.5696759	0.6477013	0.6307497	0.5837049	0.6216641	0.6436942	0.6061948	0.5370757	0.6341406	0.7620113	0.584285	0.7025625	0.6182206	0.5947459	0.6133724	0.604255	0.6270608	0.5894422	0.5709428	0.6756393
G58	0.5929833	0.4944742	0.5174536	0.6231837	0.7251701	0.7038048	0.6344238	0.5358964	0.6508043	0.7217942	0.5846971	0.7132365	0.5886114	0.5275674	0.5852432	0.466534	0.6131418	0.6622967	0.6136147	0.5102221	0.4840349
G59	0.4106331	0.5169124	0.5269845	0.5805334	0.5571335	0.5737316	0.6051754	0.5509109	0.6718055	0.6422354	0.6310841	0.3987655	0.4401879	0.3482983	0.2979023	0.4280944	0.3751392	0.3961836	0.3999517	0.3688857	0.3817014
G60	0.1284184	0.1431195	0.1480133	0.1443843	0.1456412	0.1968732	0.1377049	0.1176193	0.1594181	0.1406455	0.1260952	0.1594239	0.1852953	0.1754811	0.1779465	0.2465838	0.1536135	0.1418262	0.2063862	0.1766196	0.1937944
G61	0.0414021	0.0702549	0.0491926	0.0414379	0.0583776	0.0570003	0.0935978	0.065324	0.0904223	0.077359	0.0447005	0.0665196	0.04234	0.0690514	0.0470231	0.0845738	0.0606324	0.0698794	0.0505068	0.0340338	0.0373261
G62	0.2420199	0.2683894	0.3315002	0.2839231	0.2513531	0.3024415	0.2223722	0.3131764	0.2398722	0.2061594	0.2123831	0.2393115	0.1752512	0.2124463	0.2585775	0.2018427	0.1746924	0.1381214	0.2241368	0.2343788	0.1700801
G63	0.6604145	0.5772022	0.6222094	0.6831022	0.614957	0.5454705	0.5714698	0.5036529	0.614646	0.5400694	0.4642978	0.4482614	0.5211964	0.6413777	0.6633921	0.6109601	0.6373551	0.5838465	0.6982173	0.669278	0.5351168
G64	0.0747604	0.0573095	0.0682047	0.1096875	0.1012723	0.1254941	0.2427154	0.4558303	0.4258125	0.4898586	0.6457249	0.4914357	0.5005189	0.2945151	0.187948	0.1214618	0.1495196	0.0652293	0.0811072	0.079502	0.0742179
G65	0.6936359	0.7000045	0.6316341	0.735157	0.618603	0.6591701	0.5920482	0.7782234	0.7789262	0.5707302	0.5486449	0.6553943	0.67409	0.569154	0.6442234	0.6437862	0.6505766	0.6733692	0.6777557	0.7956156	0.6486658
G66	0.4513696	0.6620197	0.6556158	0.6055536	0.59446	0.7174356	0.5929725	0.6367335	0.6937571	0.6303658	0.6219521	0.3631157	0.4237251	0.4611308	0.3904458	0.4582568	0.423934	0.4351768	0.5064508	0.3894441	0.4757669
G67	0.6675257	0.67823	0.6083629	0.6812624	0.6494233	0.3939584	0.2383761	0.0983144	0.0506056	0.080645	0.0368924	0.0739993	0.3443707	0.4819182	0.6845991	0.6835143	0.6224117	0.6658196	0.673648	0.6048742	0.7376622
G68	0.5984023	0.7104409	0.6348107	0.4919626	0.2033854	0.0522727	0.0212768	0.0187084	0.0025269	0.0039325	0.0063726	0.0235203	0.0321698	0.0626335	0.2938239	0.5212978	0.5649976	0.6056536	0.6942361	0.4917356	0.6908089
G69	0.6855381	0.4961528	0.6136484	0.669771	0.6579127	0.7264651	0.591227	0.7848045	0.6843376	0.6047537	0.6595211	0.6524089	0.7788645	0.7924303	0.7705885	0.7015737	0.6116285	0.7657926	0.5853193	0.5497104	0.5986693
G70	0.6904031	0.6823541	0.7282995	0.6798104	0.6717946	0.6761919	0.756039	0.7229661	0.6713559	0.6588827	0.6623886	0.6259292	0.6657251	0.7381225	0.6098448	0.6988618	0.5691559	0.5729452	0.7059183	0.6861049	0.6494428
G71	0.0637748	0.0562439	0.022524	0.017995	0.0480257	0.0237913	0.0264057	0.0350858	0.0240894	0.0342754	0.0322388	0.0249848	0.0532157	0.0397181	0.0305182	0.0380109	0.0374462	0.0341124	0.0267187	0.028716	0.0462222
G72	0.1687537	0.1843479	0.1599815	0.1326646	0.1885655	0.2015225	0.1448821	0.1807351	0.0979236	0.1542732	0.1174035	0.1069181	0.142362	0.1506592	0.1484976	0.1353296	0.1246609	0.1419346	0.1228444	0.0938002	0.1334636
G73	0.710845	0.6169676	0.6732618	0.6139122	0.5621226	0.5904834	0.5985149	0.5793042	0.6236595	0.5709645	0.612128	0.729989	0.6450864	0.7409406	0.6437594	0.5767347	0.6688366	0.6325987	0.6488576	0.7092239	0.6272731
G74	0.7042913	0.5324809	0.6593104	0.6683087	0.7146154	0.7208301	0.6733817	0.7392591	0.6154191	0.6218949	0.6534604	0.5977054	0.6080291	0.7322987	0.5065741	0.6464903	0.6099666	0.5714348	0.6916545	0.6492261	0.5845091
G75	0.1637402	0.5203098	0.526079	0.6371657	0.6803668	0.6857842	0.6989965	0.6687301	0.6996202	0.6556491	0.6534347	0.2348859	0.0991912	0.133312	0.1687348	0.1377368	0.1213649	0.1095775	0.1127592	0.0743982	0.0873318
G76	0.7251653	0.5869376	0.6074396	0.577369	0.6304127	0.6633834	0.6601568	0.8104912	0.6649283	0.6745264	0.7211053	0.7392066	0.4941011	0.7752874	0.777708	0.5798694	0.6981873	0.7607628	0.7273647	0.5745015	0.5935293
G77	0.6564876	0.7747544	0.6138159	0.571652	0.6948085	0.5666058	0.6448433	0.5658469	0.5307935	0.6407052	0.559794	0.6119613	0.595359	0.5119044	0.6481257	0.662699	0.5890567	0.6348315	0.711439	0.5989488	0.6422887
G78	0.018699	0.0021465	0.0019064	0.0000235	0.0006947	0.0003427	0.0003946	0.0003023	0.0000831	0.0000143	0.0002006	0.0196693	0.0287453	0.0243975	0.0326951	0.0109279	0.031746	0.0207811	0.0305869	0.0203476	0.0051887
G79	0.6455772	0.6043784	0.5319902	0.5347971	0.4736033	0.5127255	0.5555671	0.5349865	0.489935	0.4804942	0.4937043	0.7160321	0.7155516	0.6263509	0.6707912	0.5221824	0.6772335	0.6450768	0.6588735	0.6766467	0.7569208
G80	0.1931524	0.0804829	0.0401345	0.0672054	0.027013	0.0399141	0.0205873	0.0302603	0.0212262	0.0379397	0.025157	0.1392828	0.2237146	0.1265524	0.1912993	0.2395761	0.242716	0.2230858	0.2306658	0.192799	0.147965
G81	0.7293109	0.6413182	0.6629235	0.6575809	0.6837801	0.616118	0.6014042	0.5686112	0.6534694	0.6715077	0.7743537	0.7483495	0.5690228	0.6813682	0.5409837	0.5900838	0.7567743	0.7465416	0.7144054	0.7106337	0.6722529
G82	0.0005345	0.0016049	0.0008406	0.0027505	0.0009081	0.0015605	0.0007093	0.0002825	0.0022926	0.0006815	0.0021328	0.0003696	0.0003036	0.0001872	0.0001325	0.0000212	0.0010123	0.0004352	0.0006442	0.0003815	0.0022312
G83	0.4161157	0.2281882	0.1675119	0.2142556	0.1299799	0.2676905	0.2116447	0.1567998	0.2160926	0.2217484	0.1889265	0.3304489	0.4066552	0.3533104	0.4416358	0.5203976	0.3501748	0.3027899	0.4594878	0.3179226	0.4391222
G84	0.6465266	0.6457406	0.5908856	0.6294187	0.6641637	0.6240848	0.5482618	0.6852677	0.55382	0.5899616	0.564679	0.6744279	0.555283	0.7478117	0.6315874	0.6403756	0.5745266	0.6014003	0.6823092	0.6722809	0.7105275
G85	0.0080888	0.0216618	0.0148431	0.0119417	0.0025383	0.0091291	0.015854	0.0047299	0.0147252	0.0081567	0.0215457	0.0250519	0.0196703	0.0111563	0.0080167	0.015873	0.015037	0.0059593	0.006847	0.0050345	0.015535
G86	0.169103	0.1882787	0.1785009	0.1781379	0.1460136	0.1619639	0.1955887	0.2849551	0.3026817	0.2601309	0.2621376	0.2482006	0.2069932	0.1219819	0.1858221	0.2660213	0.116033	0.1624448	0.1475502	0.1234585	0.154565
G87	0.2580385	0.2232761	0.234663	0.2938529	0.317985	0.2641304	0.3680902	0.4886089	0.4350952	0.4611508	0.4928329	0.4099738	0.4912742	0.4278699	0.3149196	0.3056273	0.2765812	0.2627787	0.2615691	0.2841723	0.3091473
G88	0.2860881	0.2782804	0.3390318	0.2413591	0.2639423	0.2943179	0.3668487	0.3134819	0.3926394	0.3091481	0.4421362	0.381176	0.3588128	0.4439848	0.3846931	0.4006249	0.3306071	0.3416949	0.364341	0.3263354	0.3240783
G89	0.5040209	0.5356657	0.6613392	0.6443026	0.5316918	0.6784711	0.7454673	0.6784775	0.6460399	0.573257	0.6905469	0.4164927	0.4064841	0.3685704	0.3677357	0.3837532	0.270201	0.3376016	0.2853494	0.2449304	0.3040659
G90	0.0271985	0.0201405	0.0073276	0.009406	0.011688	0.0426084	0.0285229	0.0310721	0.055413	0.0764692	0.0372404	0.0759629	0.0970834	0.088001	0.085282	0.0602573	0.0551722	0.0159541	0.0792737	0.0207305	0.0376219
G91	0.7173563	0.6801099	0.6270027	0.6753231	0.6464338	0.5535959	0.6316066	0.5681604	0.583741	0.6169207	0.6972188	0.7697031	0.539716	0.527404	0.5694512	0.506027	0.5167408	0.6419448	0.5737974	0.6653167	0.6908607
G92	0.6342931	0.6544766	0.5607396	0.7198476	0.6747136	0.5601395	0.6316403	0.63911	0.6638063	0.7006725	0.6666082	0.5690217	0.6709905	0.8329622	0.5827586	0.6046191	0.6120521	0.6149399	0.7371767	0.7500835	0.69376
G93	0.0257888	0.1145407	0.2223589	0.1877526	0.2012695	0.2269389	0.2326666	0.2791167	0.2627813	0.1732102	0.2330748	0.1025492	0.0545044	0.0304865	0.0236279	0.0531722	0.036814	0.0563386	0.0199627	0.0589204	0.0689078
G94	0.0083202	0.023196	0.0101328	0.0098468	0.0454585	0.044336	0.0255437	0.0304553	0.0295097	0.020992	0.0261505	0.0123398	0.0305412	0.0262359	0.0357623	0.0158011	0.0293355	0.070001	0.0454282	0.0290679	0.0207676
G95	0.0073366	0.2930345	0.3693491	0.4667856	0.4955595	0.4877554	0.419749	0.5874438	0.5093599	0.483006	0.4642578	0.1404139	0.0303993	0.0151846	0.0158871	0.0169857	0.0101182	0.0107882	0.0057607	0.0088279	0.0149478
G96	0.6528486	0.7021468	0.6737122	0.7130713	0.6256024	0.7265512	0.6808212	0.6585109	0.5759399	0.6470461	0.6487183	0.660974	0.6314089	0.7195342	0.5887877	0.7047179	0.6239248	0.6508039	0.5017865	0.5664643	0.6099464
G97	0.6250963	0.3603996	0.3080146	0.4291276	0.4040319	0.3557595	0.3519116	0.3291972	0.3522598	0.3367613	0.3793711	0.4834693	0.6831777	0.6623272	0.6417989	0.6679473	0.5530862	0.6773523	0.6786551	0.5187625	0.6146515
G98	0.0980622	0.1483989	0.1403885	0.1464069	0.1809118	0.1858535	0.1815005	0.1839577	0.1766419	0.1349012	0.1592269	0.0595103	0.0317135	0.0511338	0.0648179	0.103294	0.083148	0.0793064	0.0762476	0.048783	0.0289424
G99	0.5701464	0.5544518	0.6539506	0.6256414	0.5863762	0.5001512	0.4783345	0.5852919	0.4724046	0.3656311	0.5524112	0.6244883	0.4977925	0.5321269	0.5873121	0.523789	0.5554753	0.5568507	0.5402012	0.6333552	0.5111913
G100	0.194614	0.1997724	0.1429653	0.2035062	0.2901605	0.2569155	0.3778352	0.3499379	0.4326119	0.3496385	0.354563	0.3726295	0.3683056	0.3347711	0.2438424	0.2159876	0.283234	0.227123	0.2062021	0.1821487	0.2225822
