ID	0	50	100	150	200	250	300	350	400	450	500	550	600	650	700	750	800	850	900	950	1000
G1	0.3416542	0.3686826	0.3869168	0.4596885	0.3251262	0.3235774	0.3233274	0.3353172	0.3874041	0.4443273	0.389104	0.5067849	0.4509492	0.6248765	0.5794941	0.4462022	0.4340393	0.4521346	0.4966149	0.3834521	0.3573069
G2	0.044023	0.0121175	0.0237744	0.0293819	0.0142976	0.0579462	0.0568262	0.0267835	0.0341262	0.0157178	0.0103333	0.0138779	0.0101202	0.0226605	0.0039554	0.0083773	0.0399167	0.0090893	0.0190425	0.0227942	0.0113099
G3	0.5334291	0.6766452	0.6592485	0.6133936	0.7044198	0.552802	0.6008442	0.5737948	0.61389	0.6212833	0.6403483	0.6227013	0.6566546	0.5375727	0.7114052	0.6592644	0.7016289	0.7268562	0.6941166	0.6782351	0.6274777
G4	0.2376754	0.2304754	0.2714703	0.2780431	0.3257467	0.2167131	0.3225269	0.1928905	0.2891385	0.2874417	0.3591415	0.3355801	0.4482021	0.4504031	0.3014485	0.5147455	0.4400508	0.2685517	0.3293126	0.4041534	0.318976
G5	0.2051279	0.0679695	0.0217289	0.019809	0.0229463	0.0173956	0.0285322	0.0330888	0.0077067	0.0408526	0.0261545	0.1693529	0.1517916	0.1283268	0.1190153	0.1170318	0.181925	0.2109154	0.1825413	0.2114932	0.2147267
G6	0.490158	0.3809738	0.3419941	0.3182769	0.2604578	0.4319075	0.3092234	0.3105568	0.3860829	0.2893305	0.2706615	0.357139	0.3586774	0.3347982	0.329767	0.3014672	0.2881625	0.3980771	0.3628915	0.2934493	0.4305473
G7	0.1104461	0.1470987	0.1902484	0.1320949	0.1658448	0.138016	0.1904208	0.1385681	0.1579088	0.1407675	0.1610769	0.1613048	0.139878	0.1515946	0.0828942	0.1405275	0.1367003	0.1495695	0.1326043	0.1439396	0.153473
G8	0.2693268	0.2158371	0.2217419	0.2017101	0.1970715	0.2513467	0.2543534	0.1939048	0.2424451	0.2248256	0.1707036	0.1600584	0.1352098	0.1275444	0.1384123	0.1664966	0.1243405	0.1786658	0.1585773	0.1755949	0.171886
G9	0.2872672	0.3042255	0.3880495	0.530141	0.4608138	0.5550879	0.5056474	0.5742029	0.6484763	0.6260567	0.5745431	0.5752696	0.4815525	0.3558564	0.318881	0.3123067	0.2933507	0.2059332	0.4025956	0.3034785	0.2921434
G10	0.556678	0.4946019	0.4894491	0.5150599	0.5545157	0.5605861	0.5685189	0.6110294	0.6086904	0.6632082	0.5263219	0.5295453	0.431276	0.5668149	0.4782933	0.5110576	0.5632582	0.5041297	0.4660728	0.4695569	0.5069094
G11	0.4574001	0.4451864	0.3290683	0.3325698	0.3251467	0.4060015	0.3441928	0.4580643	0.3890596	0.4415427	0.422967	0.480393	0.6370812	0.5796026	0.5169977	0.5070744	0.4738407	0.5532168	0.4913295	0.4515101	0.5607791
G12	0.4439966	0.6484832	0.57745	0.702244	0.6055611	0.6096612	0.8251127	0.6927148	0.6424334	0.6707864	0.6473814	0.4456074	0.3807218	0.4240409	0.4069291	0.5245123	0.4180256	0.4745773	0.5210185	0.4971231	0.418795
G13	0.3672341	0.2425871	0.0930856	0.0593282	0.0563696	0.0318282	0.0253295	0.0170418	0.0146337	0.0170616	0.01239	0.1215893	0.2185628	0.241513	0.3734011	0.3257392	0.4040918	0.447641	0.5691049	0.4570073	0.5114928
G14	0.3867491	0.3983317	0.4142028	0.4475698	0.3326353	0.2391398	0.1958392	0.2786006	0.2629904	0.2918096	0.223972	0.270673	0.2468837	0.2060768	0.2579806	0.3055048	0.407352	0.4628867	0.352387	0.4108801	0.4444289
G15	0.3859654	0.3814013	0.3821197	0.2957321	0.2357051	0.1985659	0.147058	0.1340534	0.154367	0.1378805	0.1864217	0.2143658	0.1206102	0.1690565	0.31161	0.2824983	0.3039019	0.3448828	0.3416481	0.2896886	0.3763297
G16	0.0321025	0.0535434	0.0213902	0.0616743	0.0243935	0.0325077	0.0725714	0.0396391	0.0419594	0.0500206	0.0279661	0.0615406	0.0253691	0.0446303	0.0348735	0.0491892	0.0270178	0.0365313	0.0399099	0.0414913	0.0424393
G17	0.4032976	0.5872429	0.5235796	0.5527973	0.622206	0.6139919	0.6923417	0.6654952	0.5109797	0.4885236	0.7648591	0.5839766	0.6082173	0.4511413	0.4465522	0.4127082	0.5487217	0.4839493	0.6193599	0.6470931	0.5752972
G18	0.4030551	0.3278608	0.4977588	0.484794	0.5424577	0.5590758	0.5057037	0.2613496	0.276914	0.2275913	0.1551243	0.1493335	0.1616327	0.1533076	0.1911391	0.2562214	0.2337728	0.3074939	0.464135	0.4862223	0.5254936
G19	0.7160584	0.6437325	0.5736887	0.4822468	0.4907552	0.3240452	0.3325537	0.4184815	0.2040692	0.1796558	0.2614442	0.1908248	0.3997591	0.6038201	0.6034127	0.6000947	0.6557098	0.6262249	0.71724	0.6624142	0.6323965
G20	0.2415911	0.2252734	0.2863935	0.2072979	0.2580729	0.2404856	0.3095793	0.3174458	0.2489766	0.2130099	0.2057998	0.1754384	0.0678223	0.1347585	0.0890459	0.0965525	0.112483	0.2020841	0.2127693	0.2065563	0.2000734
G21	0.5106566	0.4497812	0.504053	0.4561448	0.3622238	0.4699859	0.5491503	0.590762	0.623805	0.6529043	0.5282532	0.621286	0.6234363	0.619053	0.5386484	0.5342337	0.5656959	0.583494	0.590738	0.5519787	0.4891673
G22	0.7066643	0.6188736	0.6304665	0.6166739	0.7877298	0.5323265	0.6804266	0.4681997	0.5939982	0.561058	0.5978042	0.5322611	0.7349759	0.7093331	0.6509326	0.6388899	0.6305236	0.6204672	0.7355258	0.627256	0.6056577
G23	0.5799998	0.6597262	0.6550754	0.6594522	0.7583186	0.5810068	0.6275058	0.6744243	0.5971328	0.5970448	0.5529563	0.7067902	0.7091227	0.6182016	0.6911301	0.737646	0.5678908	0.689478	0.6498278	0.6005492	0.6346591
G24	0.2810794	0.4030026	0.3445106	0.4422346	0.2853627	0.2943173	0.2621164	0.2240275	0.3478528	0.2929129	0.3527558	0.2691237	0.2905631	0.3461989	0.3784808	0.3823882	0.3603145	0.4114728	0.5128089	0.3829785	0.4084908
G25	0.3903287	0.2830171	0.3024893	0.3207387	0.3091233	0.2617351	0.2700485	0.3127707	0.2593587	0.2477631	0.2691679	0.2936168	0.2850883	0.25658	0.2472579	0.2498274	0.2361069	0.3388504	0.3247785	0.3527359	0.4840444
G26	0.3498141	0.4376889	0.5749378	0.4724484	0.6043143	0.5601624	0.605014	0.6009486	0.6187398	0.529603	0.5756691	0.5502538	0.4601634	0.3521148	0.3533622	0.3489487	0.3859355	0.4647811	0.3107312	0.3757916	0.3303196
G27	0.3740236	0.2579793	0.3500239	0.328945	0.322433	0.2680193	0.2891126	0.3825519	0.2835288	0.2173598	0.1703484	0.2363142	0.1678843	0.2051502	0.1983299	0.2250662	0.2953997	0.3243413	0.2710338	0.3030389	0.2705562
G28	0.5407506	0.6162026	0.725086	0.5656975	0.5599844	0.6755866	0.6325867	0.7370825	0.7318471	0.6068397	0.7641077	0.7248371	0.6612961	0.5365159	0.6112375	0.6894877	0.6692476	0.6519645	0.6465625	0.6302656	0.6412819
G29	0.666409	0.2155342	0.1713016	0.1527393	0.1866044	0.2528529	0.2078567	0.1906011	0.2236507	0.1861855	0.1914832	0.5389673	0.6685591	0.6430024	0.6609189	0.632606	0.6734268	0.6612123	0.7835059	0.6058427	0.6088227
G30	0.3065485	0.399337	0.5699119	0.604084	0.5731126	0.5864589	0.7059072	0.6556374	0.5865172	0.6850914	0.63687	0.5563102	0.4605141	0.479691	0.3683491	0.2902465	0.3184831	0.3571719	0.3595777	0.3353722	0.29093
G31	0.3243375	0.2336818	0.2541518	0.3581371	0.3747313	0.401606	0.3427178	0.3567197	0.2971954	0.323992	0.2821269	0.2380725	0.3025939	0.3016334	0.3270397	0.300285	0.3054033	0.2549647	0.2736267	0.2707705	0.252801
G32	0.0406445	0.0351296	0.1440765	0.2552448	0.4700446	0.358914	0.3514722	0.3509437	0.2988887	0.3785355	0.3738792	0.2364812	0.1028033	0.0988434	0.0694931	0.0404302	0.0350918	0.0429329	0.0437596	0.042663	0.0215517
G33	0.1225194	0.1151866	0.0926004	0.1176361	0.1954788	0.2744628	0.2972842	0.32689	0.4262121	0.4769494	0.4547412	0.4937765	0.5077922	0.415539	0.2409244	0.2165971	0.1506076	0.0796688	0.0920288	0.0774325	0.2062936
G34	0.0344748	0.0389915	0.0525573	0.0338762	0.0438966	0.0427948	0.0297282	0.0359065	0.0380109	0.0407617	0.0363227	0.0327545	0.0688078	0.0566491	0.0392595	0.0275511	0.0484056	0.0446427	0.0230801	0.0161184	0.0197571
G35	0.0006636	0.0024994	0.0013907	0.0000205	0.0001255	0.0000345	0.0014138	0.000647	0.0001169	0.0001482	0.0000525	0.0021973	0.0084709	0.0000367	0.0084867	0.0027189	0.0015933	0.0031654	0.0128671	0.0061373	0.0014992
G36	0.3144307	0.2408475	0.2752072	0.2688806	0.3828829	0.2139614	0.1071771	0.097932	0.0503179	0.01645	0.0107567	0.0671829	0.0394074	0.0364944	0.0591861	0.0799594	0.0844686	0.1293439	0.2056235	0.3641947	0.3954629
G37	0.0685531	0.0847352	0.0901378	0.055763	0.0770305	0.1104978	0.1675797	0.3136522	0.2408955	0.2191343	0.3568605	0.4187746	0.3770825	0.4529612	0.4213239	0.2782187	0.2569621	0.2067037	0.1113759	0.0797298	0.079367
G38	0.0270004	0.0080388	0.0245162	0.044561	0.0846676	0.1396732	0.1192586	0.101539	0.0766324	0.095316	0.1635444	0.0740686	0.0769181	0.035233	0.0521865	0.0372711	0.041792	0.0226547	0.0429899	0.0322219	0.0489441
G39	0.605777	0.55192	0.620733	0.4970411	0.3109817	0.3292292	0.292749	0.3361181	0.3142753	0.4212651	0.3113575	0.3945734	0.4148142	0.387022	0.5527297	0.6077281	0.6776999	0.6774838	0.5844697	0.6553161	0.5434718
G40	0.3718143	0.4105471	0.304314	0.3112632	0.3511996	0.5021189	0.4326458	0.5353005	0.5540762	0.5994753	0.6038505	0.6329991	0.6432485	0.5954842	0.5337461	0.4323429	0.4202218	0.2935867	0.3860731	0.3866145	0.3585072
G41	0.742158	0.7660779	0.7581879	0.5077914	0.7107833	0.610492	0.843162	0.7005031	0.6245538	0.590562	0.686698	0.6174551	0.6256148	0.6600211	0.6310054	0.6476766	0.6935049	0.6070937	0.5871952	0.6279169	0.6446946
G42	0.6796321	0.5774709	0.5711576	0.803917	0.5665997	0.6047477	0.7542478	0.6040017	0.6057295	0.6034835	0.6102877	0.6518113	0.6890086	0.6219593	0.676209	0.5870254	0.6319827	0.5744329	0.6777264	0.6680147	0.764776
G43	0.3076925	0.1256335	0.1007479	0.0642782	0.0443709	0.0734083	0.0921148	0.0571378	0.0870565	0.0609179	0.089071	0.1829177	0.2400236	0.3426999	0.3167461	0.2363995	0.2196217	0.2048025	0.2791627	0.3049795	0.2436909
G44	0.0671218	0.0907287	0.045168	0.0851781	0.0531287	0.0765101	0.0777246	0.0854007	0.056223	0.1054138	0.0645716	0.0698357	0.0719399	0.0607993	0.0549664	0.0462112	0.0421414	0.1056456	0.0576129	0.0440556	0.0561253
G45	0.4314077	0.3754904	0.3269191	0.3263072	0.3883431	0.3968225	0.3310078	0.2920707	0.4050217	0.3157259	0.3146213	0.3256143	0.3654495	0.2979332	0.3785161	0.3242879	0.3149873	0.3364136	0.3567678	0.3361435	0.314219
G46	0.5755813	0.6061418	0.5858944	0.5283126	0.5416529	0.331416	0.179886	0.1464662	0.1622395	0.1239105	0.1593387	0.113302	0.1728327	0.1904065	0.4722044	0.4157989	0.545522	0.6065329	0.5411938	0.610311	0.6376994
G47	0.6949088	0.6872493	0.5218761	0.6382436	0.6230332	0.7578488	0.8423363	0.5883324	0.7304029	0.6612381	0.7660782	0.6937611	0.6636816	0.6849321	0.5133464	0.5704989	0.7840287	0.5567929	0.6809468	0.8191211	0.6391589
G48	0.038618	0.039241	0.0701959	0.1460268	0.1430653	0.1550003	0.1122754	0.1198729	0.0962649	0.0718866	0.1077911	0.0723479	0.0342527	0.0281156	0.0158123	0.0250161	0.0234432	0.0254613	0.0990823	0.0471208	0.0609205
G49	0.2627545	0.1638948	0.0757984	0.0424888	0.0369997	0.022574	0.0100626	0.0215947	0.0150653	0.0448572	0.0073951	0.0681646	0.1132399	0.2291718	0.3193738	0.3120287	0.2498726	0.3987639	0.2717691	0.263119	0.1935043
G50	0.337926	0.2675034	0.4041369	0.4015366	0.4660505	0.4907657	0.5068209	0.5436521	0.5693413	0.5089546	0.4980716	0.5459532	0.5663573	0.5134951	0.526984	0.382519	0.3087651	0.3264137	0.3639757	0.3649279	0.4345947
G51	0.4809143	0.5097523	0.4790427	0.3735752	0.3211241	0.119568	0.1397146	0.1000389	0.0528332	0.0917835	0.1056273	0.1101918	0.1419378	0.260999	0.4635808	0.548294	0.5617668	0.4953875	0.5003164	0.5515201	0.5277462
G52	0.4277187	0.5220551	0.4968886	0.3507095	0.3799531	0.3671997	0.2546044	0.3134081	0.3055648	0.3700351	0.3466947	0.412348	0.3779187	0.405608	0.4610764	0.4322583	0.4011768	0.3996516	0.4449189	0.3986878	0.5246429
G53	0.8842481	0.6887763	0.6956489	0.3435563	0.2603739	0.1801497	0.158253	0.1154188	0.1651894	0.0944173	0.1092464	0.1101228	0.1772377	0.3635131	0.5487451	0.5867198	0.6943306	0.6243015	0.6924372	0.5512392	0.6024425
G54	0.5346517	0.6300178	0.6891809	0.5048112	0.5878694	0.4940345	0.5104011	0.5460929	0.5221493	0.4656009	0.5140777	0.422892	0.6508197	0.587604	0.6160804	0.5075929	0.6040751	0.6937677	0.6133762	0.6709051	0.6817658
G55	0.0137359	0.0139419	0.0198522	0.0063317	0.021307	0.0316486	0.0116482	0.0124177	0.0314699	0.0435783	0.0194614	0.0226356	0.0224205	0.0274823	0.0135066	0.0418115	0.0254304	0.0052634	0.0085163	0.0157793	0.0163411
G56	0.6589305	0.6146404	0.7595101	0.7084976	0.6547174	0.68244	0.7035475	0.7248808	0.4877818	0.6147658	0.6684632	0.6147148	0.5948187	0.7091262	0.6785474	0.5615471	0.6563378	0.6739102	0.603344	0.5671068	0.6459702
G57	0.5948879	0.5651864	0.6896531	0.5335611	0.4927315	0.6000562	0.5137901	0.558203	0.5352486	0.5430804	0.6374633	0.4887558	0.536733	0.5365841	0.7169905	0.5694009	0.6801645	0.5781546	0.6811786	0.654599	0.7407943
G58	0.633565	0.6069811	0.6945651	0.5851224	0.6347204	0.6306101	0.5331864	0.5656623	0.5882027	0.6520469	0.5259047	0.5175978	0.5497609	0.4916752	0.4357186	0.5530021	0.5970968	0.6183184	0.4584374	0.4815571	0.5305509
G59	0.3085371	0.1982309	0.2192981	0.1762646	0.2073267	0.1693414	0.2198062	0.1691746	0.1378043	0.1500286	0.1625408	0.277349	0.2730522	0.2976667	0.4037689	0.3421025	0.3433431	0.3027179	0.3410466	0.3238856	0.337553
G60	0.1482685	0.1273729	0.1238581	0.1596195	0.1151839	0.1179177	0.1578463	0.1676413	0.1069603	0.1476186	0.1089291	0.132866	0.1536888	0.1769149	0.1881527	0.187292	0.150362	0.1233875	0.1748274	0.1547254	0.1452167
G61	0.0777266	0.0691628	0.0612945	0.0589339	0.0902246	0.0890797	0.0547159	0.0554066	0.0462468	0.0412512	0.0296715	0.0591779	0.0374629	0.0403454	0.0177315	0.0411723	0.0294966	0.0719745	0.0688176	0.0649042	0.1009465
G62	0.2098913	0.3032841	0.2536668	0.2597137	0.3115504	0.2637936	0.1562364	0.1601148	0.130822	0.1547671	0.1395699	0.1173717	0.0608217	0.16662	0.1573921	0.1522005	0.1386501	0.2349745	0.3034429	0.2758408	0.3139042
G63	0.6262518	0.5821404	0.5129494	0.6196965	0.6343551	0.5172504	0.5835014	0.5900401	0.6079765	0.612488	0.5970995	0.584277	0.5838765	0.6192122	0.6673696	0.7366982	0.6445677	0.7207349	0.7133974	0.5663591	0.6329874
G64	0.1166371	0.0566455	0.0773055	0.0456571	0.09285	0.0733479	0.0674271	0.0468341	0.1017435	0.0960672	0.061624	0.1279146	0.0867067	0.0820352	0.0716588	0.0899171	0.1145923	0.1110919	0.0759782	0.0734725	0.1445206
G65	0.5709176	0.6431228	0.5976651	0.6542976	0.6074658	0.5719989	0.5686186	0.5238349	0.6131407	0.748715	0.5861291	0.684629	0.5938458	0.6035006	0.6091628	0.6998169	0.6171279	0.4790877	0.658751	0.6758126	0.704113
G66	0.535918	0.4175753	0.387501	0.4255095	0.5712483	0.4620401	0.4994361	0.405802	0.4525939	0.4736976	0.4986482	0.4413096	0.5443517	0.3872884	0.437449	0.4587074	0.5572549	0.464987	0.4585221	0.6223419	0.5461595
G67	0.659948	0.6241133	0.630371	0.659672	0.7216966	0.7129757	0.7081088	0.5831137	0.6660202	0.6774619	0.6254663	0.5930038	0.6346092	0.7000308	0.7325631	0.5543742	0.7421175	0.603331	0.6128174	0.6817134	0.5792684
G68	0.626639	0.5910792	0.5808453	0.5728304	0.5739358	0.5761894	0.4486141	0.5636464	0.4979817	0.4729691	0.5110047	0.1513631	0.1194422	0.2278699	0.371772	0.54793	0.637428	0.6196783	0.6414433	0.5594415	0.6770868
G69	0.5650716	0.5618146	0.6243493	0.6364576	0.7563504	0.6100911	0.7582914	0.6206931	0.6469512	0.6721095	0.6570337	0.6548784	0.6186235	0.6229912	0.6039165	0.7130243	0.6870054	0.5137763	0.6674903	0.641212	0.6781627
G70	0.5760485	0.7157759	0.7579355	0.6295539	0.6410195	0.7897203	0.6854588	0.6364906	0.7199272	0.7484902	0.6454197	0.6425029	0.5794998	0.6412129	0.508909	0.6065077	0.6225233	0.5941269	0.6274036	0.6616759	0.6445596
G71	0.0612648	0.0608726	0.0731914	0.0797035	0.0917402	0.0335826	0.0485205	0.0847557	0.0256784	0.0760381	0.0840582	0.0434632	0.0379647	0.0557272	0.0234915	0.0385387	0.0546839	0.0218423	0.0611665	0.0978659	0.0497333
G72	0.2022694	0.1340293	0.1218996	0.1369359	0.1519779	0.1251243	0.1115327	0.2029797	0.1002691	0.1596417	0.1955817	0.1361353	0.16175	0.1447446	0.1230329	0.1500903	0.1221419	0.1542687	0.1245001	0.1555444	0.1330288
G73	0.6521526	0.633181	0.6794704	0.6939594	0.6713991	0.6976614	0.6573556	0.70468	0.8659335	0.7714755	0.614213	0.7499642	0.6629741	0.7182413	0.686704	0.6879923	0.6163837	0.6722485	0.5680444	0.7033074	0.5681177
G74	0.6274966	0.4690398	0.4811472	0.4457145	0.4756331	0.4351879	0.3739459	0.4443621	0.3732539	0.4034035	0.3900639	0.4422212	0.5511645	0.7494823	0.6230938	0.7258961	0.7101314	0.5534571	0.539269	0.6195694	0.713933
G75	0.1324267	0.1497591	0.1585011	0.1844908	0.1340121	0.1669959	0.1716971	0.114484	0.1020189	0.0841363	0.0766757	0.1098552	0.1482808	0.1821717	0.1580211	0.1696233	0.1326032	0.1785893	0.1261307	0.1551281	0.2458043
G76	0.6832296	0.6540955	0.6035835	0.5969064	0.7068925	0.5191968	0.7434549	0.6010726	0.5881153	0.7435351	0.5760354	0.689737	0.5759805	0.5187488	0.5841135	0.7158148	0.5348972	0.5386094	0.5783465	0.5981979	0.6727277
G77	0.5991594	0.65551	0.6197971	0.6217896	0.6369143	0.592561	0.6365195	0.5754666	0.5968251	0.6182536	0.5010789	0.4711971	0.6527525	0.532099	0.6680843	0.6889225	0.4913762	0.6996776	0.6465558	0.6477523	0.6740273
G78	0.0206915	0.0068991	0.0022826	0.0026898	0.0012324	0.0011275	0.0018315	0.0009118	0.0023807	0.0002355	0.0000542	0.0202142	0.015275	0.0117847	0.0379919	0.0164903	0.0200677	0.0182658	0.0132443	0.0204121	0.0091424
G79	0.7189038	0.6598463	0.6294429	0.5454094	0.5585514	0.695472	0.6620031	0.5928587	0.71193	0.5918893	0.7089374	0.7360679	0.6314317	0.6563301	0.592333	0.7866118	0.6472446	0.7458393	0.579247	0.5916669	0.6735947
G80	0.2290916	0.1986328	0.2378604	0.2214815	0.2077445	0.1748194	0.1783913	0.1783906	0.230393	0.1811811	0.1978709	0.2121562	0.244077	0.1711596	0.1412629	0.1380765	0.1410834	0.2713645	0.161097	0.1333061	0.1673633
G81	0.5589132	0.6523826	0.5909058	0.7208695	0.6593147	0.694027	0.6551723	0.6601904	0.6968176	0.7040331	0.6731112	0.6378854	0.6137617	0.6559367	0.7270321	0.7279506	0.6792808	0.6872878	0.6041322	0.625792	0.755846
G82	0.0017062	0.0038005	0.0010741	0.0003988	0.0021005	0.0008793	0.0013289	0	0.0013854	0.0067322	0.0007069	0.0014067	0.0101377	0.0006373	0.0114141	0.0001846	0.0004437	0	0.0002567	0.0023119	0.0021136
G83	0.398121	0.3903919	0.4243897	0.4599775	0.4892147	0.4424126	0.4171713	0.4727184	0.4658429	0.4795405	0.4382437	0.4866781	0.3932067	0.4655225	0.4447055	0.4100978	0.3953585	0.5239636	0.4513953	0.3875325	0.4647235
G84	0.5465629	0.7543235	0.6781183	0.5147957	0.6202686	0.6085837	0.5978641	0.6558483	0.6698544	0.647904	0.6503733	0.6346425	0.5804668	0.667256	0.6466437	0.7203663	0.7080301	0.7018228	0.6262684	0.6198254	0.6019507
G85	0.0048281	0.0042256	0.0064498	0.0064877	0.005818	0.0211202	0.0113658	0.0147035	0.0213659	0.0084914	0.0188767	0.0260424	0.0179462	0.0196507	0.0151251	0.0142693	0.0106758	0.0106251	0.0119415	0.0241482	0.0149157
G86	0.1922252	0.219739	0.1525637	0.1658955	0.1663071	0.1426336	0.1477449	0.1941524	0.1773807	0.2163096	0.2209301	0.2200448	0.1585555	0.1534044	0.1400554	0.101998	0.1885178	0.128724	0.1812273	0.124291	0.1231884
G87	0.3630387	0.3075175	0.3566446	0.2177282	0.325744	0.3593536	0.437983	0.4371876	0.3091536	0.3347809	0.5236863	0.3649984	0.3183373	0.3761674	0.2970462	0.4296691	0.2797303	0.2495191	0.2664472	0.2617089	0.2587705
G88	0.300898	0.2657302	0.311807	0.3782089	0.3966425	0.4446278	0.4144758	0.3507435	0.3692777	0.3560491	0.3511014	0.3788227	0.327066	0.3251287	0.3554247	0.3471712	0.3777616	0.3541169	0.382357	0.3237049	0.3026715
G89	0.4490356	0.6950904	0.5122816	0.4334387	0.4360209	0.4216196	0.4448877	0.4742727	0.4877591	0.3800658	0.3774859	0.2082942	0.1536416	0.2300926	0.1827981	0.2726113	0.1836133	0.1468373	0.2226864	0.1768779	0.250397
G90	0.0270089	0.0313197	0.0223852	0.0305361	0.0794155	0.1001962	0.1022624	0.1280148	0.1016537	0.1125274	0.1002473	0.0593764	0.077913	0.0499744	0.0495149	0.0246134	0.0078511	0.0297707	0.0258506	0.072828	0.0385152
G91	0.5502341	0.5487301	0.6093378	0.6534	0.6659469	0.6021641	0.4997463	0.4367485	0.3745058	0.4112834	0.5196413	0.3992282	0.5212873	0.5329369	0.6397433	0.6124476	0.582052	0.6133765	0.6727281	0.6159954	0.6208423
G92	0.614665	0.2714365	0.1988247	0.1754225	0.2409376	0.2721228	0.232802	0.2149196	0.1641878	0.2371515	0.2021961	0.6250276	0.5960317	0.6667544	0.6492439	0.6567924	0.5845089	0.5901638	0.78765	0.6179835	0.7625508
G93	0.0543742	0.0486376	0.0370826	0.0220102	0.0189959	0.0376411	0.0248679	0.0169516	0.0356413	0.0234193	0.0260681	0.0347509	0.0328388	0.0335334	0.0235042	0.0366191	0.0415068	0.018951	0.0575981	0.036631	0.0114808
G94	0.0199276	0.0196278	0.0491598	0.0745983	0.0220372	0.0169986	0.0226655	0.0379416	0.0372217	0.014385	0.0242278	0.0150081	0.0211119	0.0282766	0.0275861	0.0365765	0.0029929	0.0378148	0.0187669	0.0274156	0.0142392
G95	0.0047778	0.2822601	0.3886061	0.3659943	0.335823	0.3568251	0.3821662	0.4594066	0.5302015	0.4740385	0.3679878	0.1116997	0.0245139	0.024522	0.0151481	0.0155085	0.0039805	0.0117828	0.0225643	0.0160131	0.0180439
G96	0.6228236	0.0324945	0.0135197	0.0016827	0.0002274	0.0075805	0.0101883	0.0103165	0.0024801	0.0005619	0.0000774	0.6921066	0.6500158	0.5736763	0.7487814	0.569228	0.6724446	0.4979385	0.7021384	0.5441097	0.5687716
G97	0.6046083	0.5998726	0.7090865	0.6767422	0.6237848	0.6831251	0.7044828	0.5741111	0.6067919	0.7323195	0.6500945	0.6705285	0.5962585	0.6814332	0.6299498	0.6332848	0.5717259	0.5630552	0.5859472	0.6821118	0.5160185
G98	0.0795991	0.3299076	0.514437	0.5570639	0.4635621	0.5158679	0.5495899	0.5767376	0.5561641	0.5351719	0.6665933	0.268904	0.1045948	0.062942	0.1116965	0.1160956	0.078764	0.0751698	0.0835488	0.0866952	0.1825096
G99	0.5859494	0.5176774	0.6188715	0.5740211	0.480794	0.4685991	0.5970272	0.6056587	0.6259217	0.641256	0.5424334	0.6853138	0.743541	0.5839586	0.5368581	0.6433817	0.5929165	0.52934	0.6046624	0.6265628	0.5848099
G100	0.2232701	0.2328116	0.2170388	0.2130979	0.2078837	0.3586474	0.2869439	0.3548751	0.2891884	0.3073573	0.3305869	0.277006	0.2564448	0.3731577	0.2807309	0.3077903	0.2054248	0.1294278	0.1965114	0.2391951	0.2697798
