ID	0	50	100	150	200	250	300	350	400	450	500	550	600	650	700	750	800	850	900	950	1000
G1	0.4041941	0.3230859	0.4217078	0.4615773	0.4043023	0.5321462	0.6291789	0.702923	0.7490452	0.6575471	0.6826816	0.6455251	0.5516552	0.6252182	0.5037077	0.5602057	0.5185395	0.5132799	0.5231891	0.4547076	0.4519796
G2	0.0214282	0.0235974	0.0039547	0.0042645	0.0078906	0.0016367	0.0180253	0.0073977	0.0013613	0.0009851	0.0052204	0.0061943	0.0065656	0.0057375	0.0035758	0.0202811	0.0193941	0.0133386	0.0125415	0.0078153	0.0113416
G3	0.6966397	0.6260678	0.6210499	0.7017143	0.7087807	0.6771698	0.5642812	0.6024662	0.5998622	0.6178267	0.7465358	0.5824353	0.619755	0.67073	0.4883658	0.5947029	0.6321898	0.5516436	0.6850152	0.5279447	0.6284901
G4	0.1902684	0.5863087	0.5329648	0.6145262	0.5967914	0.6845435	0.5865586	0.6920759	0.6988244	0.6034171	0.5548677	0.5013317	0.6002547	0.579103	0.5386974	0.4868291	0.4540965	0.4289352	0.4133719	0.4238105	0.4930461
G5	0.206925	0.171031	0.0974319	0.1371482	0.0580461	0.1022147	0.1282939	0.1439699	0.1360149	0.0998863	0.0941322	0.0810677	0.0918369	0.1343849	0.2005214	0.1102923	0.1227049	0.1784337	0.2318308	0.1306165	0.1576034
G6	0.4014462	0.2689703	0.1518953	0.1263806	0.1046265	0.0713146	0.100255	0.0683423	0.0714588	0.0481804	0.0287398	0.1199982	0.1546219	0.1507332	0.1750879	0.2160304	0.2189498	0.3002815	0.2322617	0.2241839	0.303854
G7	0.1785354	0.170774	0.1035603	0.1632005	0.1338112	0.2032033	0.1359565	0.1478023	0.1917687	0.1227882	0.1305606	0.1723279	0.1362403	0.1581248	0.1376333	0.1241352	0.1836413	0.1852936	0.1280292	0.1522178	0.129265
G8	0.2183319	0.3029977	0.203498	0.1521058	0.1635687	0.0911206	0.0999026	0.0681239	0.0991567	0.0387256	0.0707491	0.048437	0.0633024	0.0735253	0.0720282	0.0709314	0.1246987	0.1410381	0.1145464	0.0997417	0.0744975
G9	0.3472334	0.2180368	0.1641067	0.159535	0.1323936	0.1445623	0.1545604	0.1845997	0.1372549	0.1655201	0.1313149	0.3085115	0.3806146	0.3325414	0.3285223	0.4018549	0.3419703	0.3886268	0.3409708	0.3563456	0.2931661
G10	0.3991392	0.3950836	0.5077441	0.4656223	0.526576	0.5420444	0.4016573	0.4969469	0.3859042	0.2587892	0.3207793	0.3131238	0.3939455	0.4821825	0.513177	0.559357	0.5619496	0.4708556	0.528096	0.6111086	0.5646049
G11	0.6434833	0.5453386	0.4273121	0.4098791	0.3527636	0.3001521	0.2869491	0.3732536	0.3160784	0.4057252	0.2853249	0.3228618	0.4260745	0.5364109	0.4692195	0.4924033	0.5422769	0.4574283	0.4266276	0.5031447	0.4324268
G12	0.4903944	0.4983841	0.351252	0.4602399	0.3687607	0.3291553	0.2529641	0.1856584	0.0671827	0.0973297	0.0417277	0.1214529	0.2208034	0.3463629	0.4362373	0.3486311	0.3937035	0.4733846	0.4124178	0.4401256	0.4778593
G13	0.4724605	0.4322767	0.4211821	0.5005815	0.5272905	0.5392811	0.6742375	0.5778287	0.6850576	0.661561	0.533403	0.5646344	0.5430053	0.4707787	0.4249047	0.3648836	0.436533	0.4114961	0.4526016	0.4992669	0.4513114
G14	0.3487205	0.3942377	0.4365971	0.4867386	0.5319977	0.5170117	0.4732033	0.5726081	0.4907974	0.5532228	0.5084245	0.4507919	0.3683664	0.4573089	0.399105	0.3425097	0.2994083	0.2587987	0.2320396	0.3677028	0.3892722
G15	0.3491916	0.3406585	0.3861283	0.3445934	0.3679919	0.318485	0.3734987	0.289872	0.3208398	0.3716818	0.322134	0.2561253	0.2251988	0.2525053	0.2154429	0.2487575	0.2768337	0.2369329	0.3457979	0.4332943	0.2690074
G16	0.0380803	0.0301016	0.0398033	0.0347338	0.08409	0.0234355	0.0398521	0.0431981	0.0323118	0.0346738	0.014108	0.0377173	0.0219779	0.055205	0.0119274	0.0168197	0.0502182	0.0623497	0.0226465	0.0282818	0.0149325
G17	0.5281706	0.4402973	0.477686	0.5275388	0.5114092	0.5566186	0.5023782	0.744013	0.6078343	0.6395879	0.5948154	0.4644311	0.5853074	0.6187681	0.5043244	0.5798998	0.5295657	0.5125752	0.4834753	0.4637608	0.5715755
G18	0.3739296	0.2110633	0.0755701	0.1064265	0.0439882	0.0385019	0.0121229	0.0289565	0.0087032	0.011933	0.0097496	0.0501788	0.0867053	0.1212361	0.129994	0.157999	0.1474005	0.2339527	0.2370992	0.1131742	0.1749924
G19	0.6302187	0.6908742	0.6532163	0.7753716	0.5616498	0.4648969	0.211959	0.1374897	0.0738271	0.0782556	0.0628331	0.1009575	0.0819153	0.154728	0.3455432	0.4360841	0.5349404	0.7338242	0.598566	0.6233399	0.5882403
G20	0.3098957	0.3528872	0.2463662	0.1956204	0.2166064	0.1837171	0.2044738	0.218439	0.1432982	0.213267	0.1553664	0.0628494	0.0681958	0.0739098	0.0673397	0.0619274	0.103758	0.1677529	0.1145756	0.1317073	0.1652843
G21	0.7101773	0.5919997	0.6937719	0.7052784	0.6636484	0.6096995	0.7501989	0.7771842	0.611118	0.576259	0.650728	0.6691717	0.5702171	0.6737491	0.5438047	0.6758714	0.6019869	0.526387	0.5664129	0.5013463	0.5516702
G22	0.6919313	0.6255897	0.6401637	0.7079178	0.7229961	0.679009	0.5729615	0.6762453	0.4784888	0.6093815	0.6580053	0.7415718	0.5650835	0.6776866	0.6355024	0.6807002	0.6293908	0.6119552	0.7033497	0.6280395	0.7150228
G23	0.644214	0.6578099	0.6239603	0.6800697	0.6007718	0.7973075	0.5780665	0.5829105	0.6570528	0.6711741	0.631581	0.588372	0.7003378	0.7306057	0.5965073	0.6479595	0.5890744	0.6889789	0.6053069	0.6752831	0.6689409
G24	0.3676406	0.1348732	0.1073735	0.0783149	0.087389	0.1004331	0.091787	0.1114683	0.1178452	0.0873081	0.1367686	0.6104986	0.8290289	0.6175086	0.6814516	0.5741666	0.6303031	0.6067937	0.4794395	0.5498998	0.442036
G25	0.2815886	0.2822442	0.1648044	0.1009662	0.0980945	0.0680921	0.1216585	0.0690646	0.0748823	0.1897366	0.21406	0.2126897	0.3971428	0.3447893	0.4040181	0.4114341	0.3943703	0.334612	0.3546406	0.3954711	0.3528654
G26	0.4409764	0.4122728	0.2958412	0.4285085	0.3089382	0.3534708	0.2382423	0.1559469	0.1298947	0.0361971	0.0319142	0.0229573	0.0137809	0.0346882	0.1018873	0.1580893	0.241812	0.2288612	0.3670816	0.3186994	0.2824181
G27	0.3417694	0.2463915	0.2291119	0.1534591	0.1234666	0.0774329	0.0765474	0.0507919	0.0908058	0.1093944	0.1278349	0.1234735	0.1440841	0.2839205	0.2233722	0.2318103	0.1962388	0.2198758	0.2561469	0.1793169	0.2258899
G28	0.5526132	0.4916913	0.7428388	0.6125737	0.7969314	0.6531936	0.7355687	0.6081104	0.5936917	0.3333534	0.2509305	0.1588978	0.0752111	0.071804	0.0663623	0.0709986	0.0874006	0.3196518	0.5298225	0.6058746	0.6775126
G29	0.571885	0.6847662	0.7876855	0.344219	0.1213829	0.0866538	0.1101674	0.1064398	0.08994	0.1172971	0.1477375	0.1769111	0.294873	0.2896202	0.3529126	0.5671499	0.5106467	0.5537697	0.5600474	0.7205921	0.6599826
G30	0.3711065	0.2521683	0.269863	0.3851093	0.4590236	0.589855	0.5395043	0.5869742	0.6359623	0.5369201	0.5798724	0.5467455	0.7400475	0.5500639	0.5236504	0.4638321	0.4438752	0.3148366	0.3786402	0.3146835	0.2178445
G31	0.3115965	0.2861485	0.3078844	0.2831673	0.2630702	0.3738298	0.2917514	0.2634058	0.26384	0.2970513	0.2884073	0.3104113	0.3178108	0.2811654	0.2597269	0.2808857	0.2742453	0.2844817	0.219596	0.268668	0.3381613
G32	0.0763388	0.047863	0.0290095	0.0332495	0.099661	0.3804273	0.4782234	0.6047089	0.6392791	0.615705	0.5659614	0.6163902	0.4164591	0.3490328	0.1862751	0.1004194	0.0469907	0.1146247	0.0780823	0.0488051	0.0225675
G33	0.0807261	0.1251027	0.1626688	0.1808429	0.3076672	0.2264075	0.2494401	0.3905398	0.3588959	0.4064984	0.3428485	0.4892982	0.5503036	0.4126989	0.4501766	0.4407293	0.3293513	0.1501875	0.144587	0.2074396	0.1598345
G34	0.0297195	0.045243	0.0362217	0.0649951	0.0283023	0.0338408	0.0237065	0.0318212	0.0321879	0.0403401	0.0462178	0.0479156	0.0717654	0.0392991	0.0277528	0.0212631	0.0452333	0.0537369	0.0379402	0.0440145	0.0175472
G35	0.0062903	0.0010386	0.0069085	0.0083081	0.0537766	0.0393865	0.0632423	0.1045765	0.0581026	0.0948408	0.0836232	0.0365694	0.0244484	0.0167977	0.0100129	0.0052728	0.0090924	0.0038172	0.0164664	0.0023937	0.0376156
G36	0.4382676	0.1263066	0.0650523	0.0271632	0.0211814	0.0183606	0.0143031	0.0045392	0	0.0016445	0.0010441	0.045618	0.0580042	0.0471119	0.0522665	0.0806006	0.0678537	0.1049511	0.1393673	0.2271569	0.1735562
G37	0.0979167	0.0598578	0.0763052	0.0835267	0.1396175	0.1315436	0.1945337	0.1996792	0.2767896	0.2712871	0.2659804	0.3584436	0.4096902	0.4473449	0.3617037	0.4074006	0.4096812	0.2653728	0.2355199	0.1712117	0.1337788
G38	0.0166034	0.37505	0.5109103	0.4790871	0.4837802	0.4454519	0.5232731	0.4409308	0.4128258	0.4958085	0.5042257	0.1327531	0.0626449	0.1244256	0.0745709	0.0258448	0.0851245	0.0437825	0.0369316	0.0259091	0.0358684
G39	0.5416615	0.639592	0.4551671	0.2503313	0.2858195	0.3409159	0.2497694	0.2904387	0.2595912	0.2515642	0.2202689	0.2854875	0.4191242	0.3972395	0.4229415	0.4242394	0.4933471	0.4781668	0.542222	0.4953343	0.6277977
G40	0.3834214	0.5029162	0.5699628	0.6188331	0.6251879	0.6560194	0.6816804	0.6221475	0.7147541	0.6935507	0.7949321	0.5936479	0.6017048	0.6331536	0.5849418	0.624717	0.5477883	0.5771385	0.4481888	0.3958446	0.2989171
G41	0.5798984	0.2621595	0.1100482	0.1095435	0.0576244	0.0167542	0.0369998	0.0214381	0.010254	0.0222469	0.0399486	0.3948728	0.6192604	0.5614703	0.5954932	0.6423966	0.5781319	0.5938559	0.6302099	0.5286802	0.5904824
G42	0.7189837	0.6887016	0.5583636	0.6862015	0.6562026	0.5827299	0.5378718	0.6720507	0.6688713	0.7604656	0.7393621	0.8299693	0.8568212	0.7413012	0.595592	0.8055974	0.5892187	0.6038563	0.6733883	0.6652618	0.6360978
G43	0.2830109	0.2764971	0.2787436	0.30396	0.2887499	0.3211737	0.3220062	0.2362596	0.3036205	0.2840094	0.2552159	0.2537057	0.3076338	0.2636416	0.2142806	0.1825432	0.2790202	0.3882972	0.2536348	0.2587501	0.2756656
G44	0.048196	0.0188273	0.0164731	0.0105474	0.0086213	0.0048862	0.0053626	0.0073085	0.0036007	0.0063881	0.0104631	0.0548933	0.0415924	0.069934	0.0326512	0.0487851	0.0414521	0.0653673	0.0574177	0.0291684	0.0349194
G45	0.2673476	0.3801552	0.2811774	0.3435611	0.4589779	0.4992286	0.3461766	0.2585472	0.3994186	0.2505918	0.2723639	0.4149236	0.4121873	0.3563586	0.4217811	0.3730061	0.3390958	0.4144127	0.3066871	0.3213339	0.2978678
G46	0.5858127	0.5723127	0.4343018	0.3939153	0.2723273	0.1164027	0.121583	0.1850428	0.0669752	0.0559811	0.0625507	0.0691694	0.1117199	0.1782015	0.3061313	0.4334064	0.4830582	0.4906223	0.5199017	0.4770118	0.5637247
G47	0.6861608	0.5736323	0.727869	0.7255588	0.5740484	0.59195	0.6000692	0.7288964	0.5504408	0.6324486	0.7722608	0.5515121	0.666596	0.6600903	0.7257247	0.6346484	0.6423849	0.5171988	0.625833	0.6492971	0.6708842
G48	0.0408701	0.0197569	0.0523915	0.0201576	0.0362432	0.0292878	0.0288207	0.0392518	0.038445	0.0551193	0.0438437	0.1062637	0.1308574	0.0893992	0.0685587	0.0426147	0.042447	0.041254	0.0173193	0.0222644	0.0204381
G49	0.306387	0.184167	0.254917	0.2302016	0.2706016	0.2593689	0.2053524	0.2299564	0.2312738	0.2077472	0.2140043	0.2269886	0.2397523	0.2405148	0.1869797	0.2112164	0.2556263	0.231274	0.3774305	0.3044417	0.3270969
G50	0.3147016	0.3411325	0.502659	0.4693131	0.4112853	0.4974743	0.5215381	0.4363668	0.4096253	0.3601384	0.6397295	0.5424555	0.540416	0.4768196	0.6228916	0.6689235	0.5158542	0.365017	0.3832037	0.3738888	0.365941
G51	0.5809845	0.6081767	0.6115796	0.7278572	0.516809	0.6723612	0.6834625	0.5363616	0.4620246	0.5609524	0.5992983	0.4229921	0.4212881	0.3893722	0.4437275	0.4704547	0.5623035	0.5100618	0.491824	0.5382913	0.554828
G52	0.4361369	0.3323676	0.4131322	0.4207559	0.2947414	0.4365959	0.3625099	0.3873146	0.3194888	0.3026045	0.2941567	0.2598502	0.345944	0.3048549	0.4034679	0.3788105	0.3944131	0.4455705	0.408557	0.3782107	0.384699
G53	0.5440257	0.3376305	0.256247	0.2318714	0.247761	0.1252649	0.0308727	0.0092239	0.0057039	0.0007212	0.0002524	0.0956827	0.1900506	0.121678	0.1648736	0.2830276	0.5189313	0.761654	0.6206875	0.716554	0.6488581
G54	0.6428565	0.6669728	0.7875772	0.6438237	0.6420758	0.5949402	0.4655485	0.4390627	0.3667251	0.3731367	0.3807543	0.3361998	0.4084268	0.4719198	0.5351864	0.6710095	0.6478622	0.6268367	0.6890147	0.7174658	0.6492434
G55	0.0257268	0.0393789	0.0271227	0.0170321	0.0062256	0.0307615	0.0316154	0.0269381	0.020314	0.0152876	0.0207767	0.0231141	0.0185684	0.0075484	0.0277122	0.0303755	0.0616853	0.0510543	0.0192491	0.0178311	0.0387478
G56	0.6114451	0.6849278	0.7272371	0.514939	0.6220085	0.5672452	0.5843126	0.714062	0.5769505	0.7084395	0.7266499	0.7277616	0.7563708	0.6690749	0.7346077	0.6618798	0.6440236	0.5662721	0.5326559	0.5745462	0.611704
G57	0.6180822	0.4971111	0.6394407	0.6186242	0.5141249	0.6281907	0.5211984	0.666983	0.6835721	0.5518766	0.5992104	0.6894276	0.5712105	0.5052195	0.7475818	0.5756253	0.5896583	0.5394989	0.6159684	0.6147297	0.5338601
G58	0.6757804	0.5476998	0.5346703	0.6131395	0.5101326	0.618659	0.5558181	0.507777	0.558289	0.7763172	0.6623602	0.5185244	0.5281304	0.4916475	0.4430391	0.6053204	0.5437234	0.5168639	0.530939	0.5445361	0.5387409
G59	0.3148997	0.3875486	0.4807261	0.4304887	0.3696571	0.5031889	0.474586	0.5226779	0.4166208	0.5370937	0.4949028	0.4951787	0.3614718	0.36557	0.3161349	0.2705454	0.3459787	0.3146087	0.2916923	0.2730191	0.4126567
G60	0.1810301	0.1766967	0.1690232	0.1593258	0.1604835	0.1803164	0.2490788	0.4983432	0.5367205	0.5372477	0.5254852	0.3180151	0.1806618	0.20178	0.1525481	0.1690857	0.1417653	0.1292158	0.0933727	0.1150465	0.168816
G61	0.0823859	0.006142	0.0040772	0.0248302	0.0556014	0.0465665	0.0766754	0.0319938	0.0495782	0.1245924	0.0452544	0.1919841	0.0620852	0.0157614	0.0520622	0.0620323	0.0532834	0.0809129	0.0509716	0.0393095	0.0450328
G62	0.1878191	0.1639379	0.1259975	0.0735919	0.0678056	0.0562364	0.0850231	0.0505388	0.0301612	0.0677348	0.0948895	0.1050174	0.0796065	0.0737092	0.0694985	0.0737378	0.1798239	0.1269253	0.1534533	0.1370511	0.1676158
G63	0.6878318	0.5890655	0.6067953	0.5563497	0.6108755	0.8291475	0.6758451	0.5695143	0.6862842	0.7275369	0.6948144	0.5330356	0.5629774	0.6373695	0.6409782	0.5567026	0.6320314	0.753641	0.6941144	0.673951	0.6473631
G64	0.0725987	0.093697	0.0984515	0.0828459	0.0709829	0.0641602	0.0950432	0.1389182	0.1809953	0.296741	0.4276619	0.5565842	0.3063289	0.2410666	0.1320701	0.0833506	0.0851686	0.1354555	0.0537942	0.0623861	0.0960833
G65	0.6495424	0.5708884	0.6030978	0.6185062	0.6179482	0.5845287	0.5870413	0.559797	0.5908576	0.6170029	0.529015	0.7060068	0.6500359	0.6807341	0.584513	0.6026402	0.5813769	0.7576145	0.6918089	0.6681289	0.6831317
G66	0.5711459	0.4614674	0.4530911	0.4322445	0.4423389	0.4825834	0.5405208	0.5735751	0.1901384	0.0231152	0.0027787	0.3258679	0.5207884	0.4065161	0.5102804	0.3880487	0.4611231	0.4893312	0.4415466	0.5611311	0.389882
G67	0.5193634	0.6547459	0.6514248	0.6940637	0.7038589	0.6117515	0.6567193	0.332642	0.1668467	0.110053	0.0733609	0.0851995	0.3401138	0.5216377	0.5877849	0.5842167	0.5860264	0.6412485	0.5850716	0.4568233	0.6709863
G68	0.6041735	0.6253834	0.487508	0.6132864	0.4493943	0.1910083	0.0668487	0.020853	0.0273823	0.0068657	0.0029879	0.0100414	0.0130478	0.0515921	0.0741306	0.1283652	0.3716794	0.5247431	0.5488859	0.5936146	0.6500107
G69	0.7663283	0.6143397	0.5992351	0.6159376	0.5986052	0.6893528	0.6331112	0.6132492	0.6788273	0.7099339	0.5481312	0.6685704	0.7803466	0.6503235	0.6907579	0.6570804	0.6412278	0.5775968	0.6103471	0.5031176	0.5708814
G70	0.648003	0.7389126	0.6051098	0.689066	0.5699322	0.5998537	0.5879415	0.5903869	0.7167389	0.6033953	0.6216511	0.6543137	0.6451627	0.5955556	0.7103121	0.6109516	0.6993244	0.6765981	0.6434866	0.6633063	0.6273105
G71	0.0374482	0.0154812	0.0073753	0.0170747	0.0136045	0.0040672	0.0381971	0.0073592	0.0041244	0.0094968	0.0022845	0.0366196	0.0304251	0.0552374	0.0445758	0.0398354	0.0281908	0.0319246	0.0547771	0.0284709	0.0417555
G72	0.1461264	0.1696117	0.1459798	0.1720907	0.1281222	0.1781233	0.127814	0.1323235	0.1380419	0.1901429	0.0677592	0.1725066	0.175568	0.1467743	0.1228531	0.1982428	0.1199435	0.1701274	0.1236298	0.1007712	0.1339007
G73	0.6549914	0.6674897	0.6084484	0.6662702	0.643194	0.6558765	0.699018	0.7287657	0.6486863	0.6805342	0.5667778	0.6064343	0.6304132	0.6310859	0.6738954	0.6511736	0.5850077	0.6930201	0.6458641	0.6494833	0.5107477
G74	0.593388	0.611024	0.5407878	0.4956178	0.5057549	0.4521986	0.4298885	0.3689286	0.5239348	0.6198448	0.3818343	0.6209853	0.6047378	0.6468666	0.682514	0.6322252	0.6313693	0.6333421	0.7060408	0.5999309	0.6969126
G75	0.1331506	0.0835908	0.0688528	0.026191	0.0580411	0.0213355	0.020221	0.0187182	0.0168587	0.0303757	0.0064697	0.0037007	0.0299355	0.0314382	0.0799372	0.116041	0.1086232	0.1397898	0.1352624	0.2193852	0.1491491
G76	0.5875875	0.699313	0.5573821	0.6115622	0.5702551	0.6581923	0.5212095	0.6198456	0.5883725	0.6834094	0.6959573	0.6498614	0.5773498	0.6888332	0.602406	0.5480082	0.7252139	0.6413312	0.6615465	0.614003	0.6889601
G77	0.5986188	0.5697951	0.5852495	0.4640296	0.3156421	0.27056	0.121868	0.1291016	0.0826677	0.0675591	0.110282	0.2858343	0.414424	0.4466927	0.5637289	0.5830459	0.5840913	0.5718052	0.5397361	0.7000276	0.6615982
G78	0.0046039	0.0142849	0.0004325	0.0046328	0.001806	0.0025416	0.0147199	0.0114195	0.0053802	0.0025956	0.0126537	0.1294663	0.1532643	0.1412701	0.0504229	0.0603863	0.0598486	0.0351625	0.0279142	0.0227937	0.0294539
G79	0.6199031	0.8142188	0.5586073	0.5991684	0.6742466	0.7681117	0.645489	0.7089894	0.6143136	0.6102739	0.6248686	0.6039554	0.5897257	0.5507718	0.6090453	0.5482649	0.5957378	0.6254935	0.6352081	0.6581647	0.6349427
G80	0.1629915	0.2331099	0.2295713	0.2259244	0.2248861	0.2655316	0.201847	0.1967695	0.1882613	0.2242103	0.2182126	0.2604791	0.3038623	0.1821424	0.1609877	0.1951323	0.2140538	0.2067048	0.2128218	0.2241866	0.1715048
G81	0.6232412	0.6553892	0.5931241	0.6432638	0.5505112	0.635208	0.5532653	0.605684	0.6455476	0.5674106	0.6183513	0.7161911	0.7052261	0.5942395	0.5832378	0.6591012	0.6469031	0.6499853	0.5760196	0.6542634	0.6211494
G82	0.0000616	0.0006501	0.0003749	0.0007333	0.0012559	0.0017135	0.0033373	0.002074	0.0001898	0.0006459	0.0000885	0.0031821	0.0015277	0.0001847	0.0014176	0.0015338	0.0007196	0.0001385	0.0001433	0.0009037	0.0005074
G83	0.3642101	0.2036276	0.212462	0.1210694	0.1484026	0.1511086	0.2171244	0.1009732	0.1603125	0.1768751	0.16197	0.5729215	0.5667322	0.4882249	0.4922773	0.3886408	0.4443036	0.4492796	0.4258013	0.5038603	0.465757
G84	0.6267387	0.6181722	0.5464482	0.7072259	0.6678374	0.4280402	0.5812066	0.5895348	0.6030064	0.5461828	0.5658065	0.6738334	0.6085514	0.6782882	0.745226	0.5166661	0.5787442	0.6257574	0.5127254	0.6304125	0.5857687
G85	0.0085344	0.0395582	0.0589462	0.0696798	0.0679933	0.0324268	0.0854119	0.0891446	0.0465997	0.0768865	0.0405077	0.0276312	0.0229219	0.0235705	0.0341511	0.0177228	0.0059707	0.0134986	0.0159999	0.0092838	0.013044
G86	0.1537037	0.1600347	0.1165485	0.0688592	0.0732502	0.1007689	0.0603207	0.0947611	0.1261972	0.1727494	0.1694309	0.1905917	0.1773802	0.2018287	0.1349102	0.1367363	0.1473823	0.1227983	0.1153591	0.1199205	0.1127132
G87	0.2962046	0.3178526	0.2978991	0.2738468	0.2407338	0.1919517	0.1678945	0.2234049	0.2790072	0.2204308	0.2877207	0.3099123	0.3923635	0.4061261	0.3070021	0.2948689	0.2146877	0.2985509	0.1885397	0.2103878	0.3011307
G88	0.2639625	0.3254958	0.2927832	0.4631445	0.3632333	0.5128149	0.5293006	0.5007248	0.5806309	0.6111798	0.5319	0.544256	0.5117299	0.5719864	0.4869226	0.3489788	0.417076	0.3689007	0.3516185	0.3279536	0.3893481
G89	0.5554929	0.4618911	0.2093841	0.0704212	0.0578155	0.056853	0.0434413	0.0510546	0.0570657	0.0415106	0.0526831	0.0693091	0.0448576	0.062066	0.137435	0.0462321	0.1059781	0.0665165	0.0714541	0.0646266	0.1558663
G90	0.0173527	0.2225966	0.3724908	0.362605	0.3478249	0.3979136	0.3414589	0.3063619	0.3323585	0.3264826	0.3787277	0.1818759	0.1055399	0.0823392	0.047592	0.0522386	0.0775583	0.0669763	0.0381448	0.0097283	0.0219049
G91	0.56718	0.4622119	0.29205	0.1344985	0.0631625	0.0378134	0.0233573	0.0243729	0.041352	0.019166	0.0412219	0.1318464	0.3089223	0.4559761	0.4955637	0.5014696	0.634656	0.6904532	0.5931842	0.6080166	0.700329
G92	0.603562	0.6284147	0.5541506	0.5776798	0.5456295	0.5889717	0.5769823	0.5977455	0.6748	0.558784	0.5579756	0.5161421	0.6351619	0.6254491	0.692082	0.8155371	0.7134005	0.5566271	0.6089988	0.6634155	0.735102
G93	0.0321149	0.0364297	0.02578	0.0321976	0.045271	0.0688209	0.0443249	0.0584834	0.0218199	0.0183889	0.0310983	0.0242617	0.0310218	0.1091184	0.1645603	0.1119256	0.0673539	0.079522	0.0540695	0.0357124	0.0405168
G94	0.0350223	0.0383875	0.0335554	0.0163528	0.0406436	0.0095803	0.0130648	0.0441642	0.0167682	0.020485	0.0230695	0.0225249	0.019136	0.0589468	0.085859	0.0716477	0.0344206	0.0481887	0.0227371	0.0258846	0.0146704
G95	0.013268	0.004948	0.0074301	0.0087532	0.0110701	0.0078319	0.0077155	0.0057399	0.0095352	0.0340509	0.0134647	0.0056562	0.0096361	0.01036	0.0108479	0.0417372	0.0225311	0.0140497	0.0248	0.0092409	0.0119886
G96	0.7640617	0.572848	0.573389	0.5608745	0.81325	0.5242307	0.6178015	0.6225744	0.5591423	0.8275785	0.7215357	0.6624126	0.7069113	0.5951101	0.6247243	0.5416006	0.6317294	0.6863304	0.6836211	0.7065366	0.6947323
G97	0.6278399	0.6019014	0.6978841	0.6473912	0.516793	0.631199	0.6341568	0.6895425	0.6276038	0.668459	0.7484851	0.7003081	0.6179273	0.6558658	0.6623281	0.567403	0.5402577	0.654033	0.5899826	0.6976898	0.6540162
G98	0.101822	0.4533878	0.5976467	0.5176504	0.5836471	0.6086668	0.6277617	0.6446493	0.5873188	0.6034716	0.4775107	0.2564487	0.063096	0.0507112	0.0454837	0.0391443	0.0256014	0.0728242	0.0820818	0.1214316	0.1226535
G99	0.5547331	0.5679943	0.700492	0.5730076	0.5946623	0.5874872	0.5532414	0.6394424	0.6630256	0.4992866	0.4733562	0.5004774	0.5180244	0.5398312	0.7261279	0.5831626	0.5559423	0.5981933	0.6040353	0.7953297	0.5806889
G100	0.2637861	0.1152981	0.0741146	0.0509436	0.0462744	0.0731577	0.0528498	0.0945903	0.0672639	0.08568	0.0678053	0.2914336	0.4021934	0.4322545	0.3581901	0.2312746	0.2266118	0.1871695	0.1304694	0.2287457	0.2153376
