ID	0	50	100	150	200	250	300	350	400	450	500	550	600	650	700	750	800	850	900	950	1000
G1	0.3196975	0.409437	0.3248881	0.2789873	0.369082	0.4060571	0.4083786	0.4503774	0.4241579	0.5283983	0.5034164	0.4560351	0.4450152	0.469755	0.46043	0.5156367	0.4759188	0.5694417	0.4335191	0.5327649	0.5152494
G2	0.0084764	0.3407908	0.3869587	0.5504249	0.5189777	0.3983563	0.4971268	0.4729357	0.4066752	0.5376593	0.5923361	0.1550533	0.0694534	0.0255084	0.0160887	0.0102723	0.0072251	0.0241823	0.0071736	0.0075092	0.0089593
G3	0.6410366	0.6166479	0.651302	0.6230349	0.5807285	0.6163162	0.6061845	0.6828047	0.7044266	0.6088999	0.6777126	0.6922557	0.7095152	0.6275393	0.6775387	0.6993972	0.5984036	0.5170249	0.6353347	0.6423586	0.6077797
G4	0.3143669	0.2574463	0.304972	0.3265366	0.2656421	0.3373992	0.3829881	0.3837203	0.3783178	0.3259485	0.4030347	0.4118279	0.2941222	0.4804871	0.3910057	0.4706494	0.4327096	0.5106719	0.4297293	0.3865366	0.5080922
G5	0.1683027	0.1632067	0.234854	0.1852678	0.158096	0.1794088	0.1884577	0.179838	0.1596065	0.1731323	0.1128917	0.1326102	0.1213299	0.2598945	0.1098458	0.1756047	0.1132468	0.1009644	0.1283849	0.1502593	0.0879165
G6	0.3613551	0.4194243	0.5122069	0.4247883	0.4830373	0.4190044	0.4067418	0.3665562	0.2920008	0.4849983	0.3314557	0.2528959	0.2813639	0.2805567	0.328576	0.307184	0.2621939	0.2397009	0.2704285	0.2789647	0.2765872
G7	0.139818	0.1803141	0.1187872	0.1372012	0.1227539	0.1508238	0.1529268	0.1395888	0.1634436	0.1671544	0.1629207	0.2653451	0.1587216	0.1567974	0.1345338	0.1456293	0.1746368	0.1319376	0.1511963	0.1959819	0.1131767
G8	0.2975902	0.4749734	0.6261865	0.6358411	0.659532	0.616624	0.5367266	0.5866905	0.6508672	0.6213348	0.6342397	0.198938	0.1282955	0.1390576	0.0973452	0.1170827	0.1945741	0.107395	0.1131293	0.0725909	0.0736562
G9	0.3500448	0.1919264	0.0597719	0.0425121	0.0634963	0.0616249	0.0665811	0.0784746	0.0600252	0.0432046	0.0752531	0.2035307	0.3573772	0.3070549	0.4034499	0.4079765	0.3601733	0.3641076	0.4104497	0.4183036	0.4593056
G10	0.497328	0.5956364	0.5708152	0.4691363	0.3742754	0.289606	0.2556472	0.1522629	0.1202902	0.1319294	0.1253911	0.3476745	0.5727623	0.4437968	0.6055317	0.5216425	0.5858927	0.5325683	0.6040947	0.6305363	0.6362658
G11	0.4187357	0.3232437	0.4213784	0.1909325	0.1315681	0.1801481	0.120429	0.1239533	0.085833	0.0956819	0.1033945	0.2134605	0.2673918	0.3417407	0.3600509	0.3923175	0.497591	0.4128353	0.4517883	0.4520601	0.458973
G12	0.4865818	0.4060679	0.3907927	0.3569202	0.1659495	0.078272	0.0502535	0.036211	0.0477653	0.0517451	0.0333442	0.0911726	0.2186618	0.2921689	0.383369	0.4453636	0.4466371	0.4361512	0.5406165	0.4577475	0.5235645
G13	0.4876561	0.4048407	0.4958378	0.6764656	0.642182	0.6584836	0.5627037	0.6284957	0.6186236	0.6288019	0.5595019	0.6680369	0.6055965	0.4919666	0.4450709	0.3475029	0.3906799	0.5174043	0.4065081	0.4137723	0.3509095
G14	0.3661235	0.451394	0.4866013	0.4295601	0.5425223	0.5865734	0.5287581	0.4858748	0.5515658	0.5877265	0.5745289	0.5533676	0.5033342	0.4458608	0.3574911	0.2799859	0.3707826	0.3309745	0.2855872	0.4405397	0.3129516
G15	0.3197596	0.3778431	0.3843898	0.3994678	0.4152644	0.3950525	0.3643616	0.3364563	0.4741802	0.4014948	0.3966956	0.3552645	0.355914	0.3079084	0.3107604	0.4012939	0.3874082	0.2890884	0.3776539	0.3207225	0.3724077
G16	0.0268387	0.0556881	0.0311651	0.103685	0.16367	0.2449498	0.1893857	0.2947277	0.2738765	0.2201995	0.2886634	0.260641	0.2869181	0.3089585	0.2659975	0.2949416	0.2641	0.227561	0.1666076	0.1751423	0.1020331
G17	0.4659442	0.4592616	0.4442479	0.3490479	0.5258566	0.5307391	0.5216469	0.5664165	0.5451399	0.5383294	0.6550429	0.6299477	0.6269758	0.5828955	0.4565724	0.45969	0.4841824	0.5087612	0.5033879	0.4636691	0.5188438
G18	0.5413275	0.4240166	0.4545219	0.4530681	0.4371615	0.3532044	0.2583835	0.2110639	0.1602167	0.1290809	0.1347616	0.0929429	0.1385221	0.0990883	0.1598055	0.0817899	0.0761751	0.1150182	0.0864223	0.0728445	0.0953908
G19	0.6729712	0.6876276	0.7170636	0.4084482	0.3651253	0.2669203	0.2022092	0.1244253	0.1041522	0.0861311	0.0714202	0.0658729	0.2381399	0.4292421	0.5441582	0.6392301	0.6375315	0.5986374	0.688463	0.8499105	0.6066908
G20	0.3269994	0.500475	0.4251286	0.4461003	0.3899495	0.5272408	0.5177136	0.5723998	0.498929	0.4663633	0.4332202	0.1733499	0.1417602	0.1510606	0.0920934	0.0891729	0.1023584	0.0584212	0.0741935	0.0602995	0.0976589
G21	0.5729639	0.5126182	0.4998602	0.4486804	0.5977507	0.640335	0.6766247	0.6320538	0.5566498	0.6676269	0.6362605	0.7805055	0.7254582	0.7046763	0.673465	0.6007435	0.4940115	0.5620628	0.4980016	0.6291261	0.5510376
G22	0.5701893	0.6458445	0.6134137	0.5863567	0.6785	0.6038138	0.5863687	0.6171634	0.5806809	0.6737279	0.742612	0.5817208	0.6722777	0.8037113	0.8177048	0.6871151	0.647918	0.7257872	0.7646317	0.6232532	0.6694011
G23	0.7899621	0.6201919	0.5631726	0.6036221	0.5922241	0.6912804	0.6381517	0.6335007	0.6024179	0.645662	0.6855899	0.7643716	0.6803636	0.8656709	0.6632166	0.645303	0.5987386	0.6242769	0.6338854	0.5178058	0.6201518
G24	0.4271083	0.2727573	0.4010467	0.5203636	0.4183927	0.4851378	0.5595802	0.5081706	0.6525147	0.7054538	0.6559177	0.7051048	0.7127744	0.6878529	0.6421425	0.5542752	0.632876	0.5115449	0.3422369	0.3672648	0.5548496
G25	0.3300937	0.3012168	0.2913777	0.3483795	0.3495217	0.3736024	0.2914515	0.3705276	0.4459854	0.3014649	0.3941171	0.3762217	0.4603767	0.3771497	0.4369974	0.3745472	0.5215872	0.4129747	0.4183641	0.4040134	0.3080791
G26	0.3776824	0.3487439	0.3557697	0.3304922	0.2473353	0.1130103	0.1156566	0.040125	0.0183666	0.0228222	0.0080667	0.0192623	0.0189894	0.0652856	0.1000417	0.132297	0.1967975	0.2909001	0.3566503	0.2960466	0.4028854
G27	0.2888839	0.2547404	0.4197113	0.3802867	0.3950651	0.381355	0.3569581	0.3412078	0.2856327	0.292632	0.2714915	0.2332266	0.3056756	0.3279642	0.3306085	0.3284456	0.3453285	0.3248231	0.3335195	0.3732703	0.3192103
G28	0.7097424	0.5618446	0.5952042	0.4984882	0.5544973	0.6026169	0.4619266	0.440792	0.1913331	0.1068965	0.0842225	0.0850173	0.0308973	0.0405744	0.0675566	0.0925319	0.1848512	0.4512867	0.6185438	0.6952056	0.7553833
G29	0.520099	0.1219206	0.0591892	0.1101944	0.0598555	0.067821	0.0825223	0.0468056	0.0451145	0.100652	0.1024213	0.3750262	0.5839906	0.7426407	0.6625807	0.5702167	0.6918794	0.626381	0.4951036	0.6613288	0.6437368
G30	0.267634	0.3931944	0.5001653	0.6760258	0.5019531	0.5753247	0.4818093	0.4312538	0.310085	0.3344289	0.2624498	0.2526366	0.2544208	0.216864	0.2982704	0.3120165	0.3498761	0.2748256	0.3566721	0.3532084	0.2752841
G31	0.3308409	0.1904611	0.1661051	0.1358711	0.1289105	0.1107531	0.1611334	0.1442228	0.2385389	0.3012769	0.3629924	0.1882678	0.1135342	0.0657354	0.0546274	0.0571969	0.0558186	0.0722865	0.045422	0.1163643	0.1650339
G32	0.0352542	0.0366238	0.2010944	0.4453964	0.6491836	0.6363874	0.6639641	0.6469772	0.7670239	0.6259256	0.6132407	0.4495166	0.1819432	0.0825907	0.0483444	0.0649191	0.0328638	0.0268684	0.0147363	0.0227835	0.0404776
G33	0.0719031	0.1397161	0.1821727	0.3033862	0.6007116	0.5835075	0.5900807	0.5522204	0.5895915	0.5875507	0.5718544	0.5563389	0.517259	0.6079874	0.2724087	0.1903983	0.1587261	0.1025625	0.1820909	0.1568202	0.1344997
G34	0.0228889	0.064409	0.1631022	0.1875089	0.2982513	0.4305326	0.356588	0.4396453	0.4033941	0.5045553	0.5404004	0.4246271	0.3755549	0.3059791	0.38205	0.4073526	0.1918081	0.2144476	0.139662	0.1213266	0.0678952
G35	0.0028284	0.0018405	0.0004755	0.0105301	0.0135524	0.0219702	0.0198164	0.0522106	0.1583294	0.1727645	0.1976451	0.0708842	0.0290093	0.0157395	0.0011962	0.0054906	0.0244432	0.0031922	0.003945	0.0049435	0.0023797
G36	0.4434552	0.3090045	0.4008435	0.410817	0.2208181	0.1649546	0.0516515	0.0838806	0.0888148	0.0435664	0.0379812	0.0688411	0.0286963	0.0349842	0.0633919	0.0430637	0.0913798	0.1825522	0.2066488	0.3027613	0.2741486
G37	0.1128909	0.0915227	0.0902633	0.1526008	0.1392542	0.3908234	0.3806398	0.5021603	0.4311954	0.4181149	0.4948814	0.4891857	0.5087586	0.4633096	0.359156	0.2987698	0.2379152	0.1674489	0.1647562	0.1548296	0.156434
G38	0.0325732	0.0617761	0.0478706	0.0498311	0.1427638	0.1630155	0.3757237	0.3472008	0.5464817	0.4714367	0.4414973	0.6308809	0.4481003	0.4275298	0.3393445	0.3340021	0.2766666	0.2741113	0.1162147	0.1058823	0.0677962
G39	0.5933718	0.5843672	0.5607324	0.5582157	0.5295074	0.4596845	0.5208238	0.5218821	0.5804301	0.4499935	0.515729	0.4172533	0.4917469	0.5505223	0.4571537	0.5308409	0.4436179	0.4472253	0.5296003	0.5248828	0.5316809
G40	0.4372339	0.3091523	0.4257782	0.3563742	0.3874863	0.4752136	0.5240295	0.5472736	0.5827893	0.5104974	0.5586605	0.6413648	0.6321634	0.6637587	0.5973179	0.6492439	0.6557616	0.7143406	0.6733573	0.6214169	0.5502701
G41	0.6499103	0.5777057	0.6919514	0.5821782	0.6464222	0.6122909	0.7645189	0.5874358	0.6648434	0.6053919	0.6983242	0.6846747	0.471518	0.505926	0.5511742	0.5643707	0.7604123	0.7317786	0.5793581	0.6867027	0.5346147
G42	0.646233	0.5754431	0.7245347	0.5300382	0.5549573	0.6064485	0.6752302	0.6078544	0.6331496	0.7597624	0.7228885	0.5365376	0.6199273	0.779853	0.6465151	0.6995963	0.6031062	0.6386223	0.7741486	0.6361765	0.6003938
G43	0.2794774	0.285932	0.221869	0.1768763	0.1189101	0.0835561	0.057328	0.0737186	0.0592062	0.0536195	0.0503402	0.0433577	0.0995518	0.195923	0.2190215	0.231253	0.2900177	0.3664257	0.2446267	0.2623975	0.2383741
G44	0.041675	0.04987	0.0530391	0.0407915	0.0445727	0.0656721	0.0675618	0.0405877	0.0980814	0.0569038	0.0519674	0.0478016	0.0699662	0.0438276	0.0617056	0.0489358	0.0709836	0.0593282	0.0294643	0.0455707	0.0640601
G45	0.3151178	0.2879193	0.4040322	0.3963059	0.3415261	0.3028656	0.3678468	0.3521744	0.3719008	0.3870672	0.3081204	0.4340818	0.4339685	0.3667084	0.3219515	0.2997022	0.3600369	0.4131796	0.3645424	0.4421071	0.3298815
G46	0.5917007	0.5782382	0.4084289	0.4768565	0.5200109	0.4804453	0.478257	0.5777001	0.6833558	0.5571885	0.591853	0.5173764	0.5407507	0.4411332	0.4863697	0.464676	0.3733272	0.3597119	0.4347476	0.4378177	0.4369866
G47	0.6589177	0.5927372	0.7201451	0.6638035	0.6500502	0.5580656	0.7187672	0.5015889	0.6460339	0.5530731	0.5052942	0.5684027	0.6519815	0.6634791	0.6310171	0.782889	0.5723655	0.596794	0.759657	0.5580888	0.6206338
G48	0.0334067	0.0379665	0.0893543	0.1161866	0.1859673	0.2025138	0.2572927	0.3555892	0.2939055	0.2923158	0.3036275	0.2176406	0.2202463	0.1701039	0.1896137	0.1324278	0.127356	0.0953173	0.0994795	0.05949	0.0504633
G49	0.3001665	0.2630875	0.2641579	0.2979908	0.1791475	0.1716258	0.2292538	0.1845519	0.2678983	0.2278466	0.2306666	0.2278527	0.1720215	0.2132439	0.198824	0.1787424	0.2712428	0.2591888	0.2216253	0.2188377	0.2135279
G50	0.3508871	0.3709228	0.2347354	0.26057	0.2710241	0.2576214	0.2499447	0.2410241	0.2369467	0.2282991	0.2403186	0.3504239	0.3658939	0.5146216	0.4211129	0.4346427	0.3122593	0.3868817	0.4209637	0.3185199	0.3502305
G51	0.5182389	0.5406155	0.4947075	0.4053604	0.3481856	0.4785132	0.4489273	0.3320549	0.4058312	0.3609482	0.3886821	0.4052868	0.357696	0.387263	0.5373631	0.481635	0.6216144	0.5352485	0.4465913	0.6037614	0.5844368
G52	0.3750669	0.5658886	0.665287	0.5255101	0.5069333	0.489969	0.4354943	0.5587407	0.4253469	0.4867016	0.5010974	0.2135651	0.2746955	0.3002005	0.4553513	0.4172669	0.3985886	0.3295809	0.4158567	0.3853589	0.3988388
G53	0.679306	0.3227815	0.3786281	0.1104992	0.0178373	0.0062306	0.0004081	0.0023344	0.0025213	0.0004564	0.0003509	0.1043178	0.09928	0.3608727	0.5209129	0.5311815	0.5337398	0.7620947	0.5718433	0.5381374	0.5846153
G54	0.7071303	0.5324251	0.4059464	0.2777578	0.2256234	0.1391368	0.1676277	0.1509269	0.1420001	0.1176608	0.2235346	0.2364204	0.4363217	0.6550801	0.7208476	0.6223008	0.5969893	0.7653081	0.6923218	0.5684619	0.6146459
G55	0.024175	0.5279055	0.6304764	0.6482023	0.6559702	0.6106346	0.7606739	0.6672207	0.6562271	0.5568108	0.6127898	0.4946457	0.4431907	0.4328381	0.3501186	0.325567	0.3297626	0.2702443	0.142472	0.0633967	0.0549376
G56	0.8021462	0.5383107	0.4825927	0.3391767	0.3733947	0.2860916	0.335064	0.2344609	0.2919373	0.3682246	0.2630575	0.264098	0.2917058	0.3515	0.3413193	0.2812215	0.3688772	0.4440947	0.4626851	0.4998904	0.5085558
G57	0.5732451	0.4350225	0.7148663	0.6013718	0.6544479	0.5749521	0.5492041	0.638873	0.6557792	0.5622324	0.6150967	0.6181541	0.6133097	0.703049	0.5675064	0.6136844	0.6175062	0.5087725	0.5614543	0.6506089	0.5448975
G58	0.5018915	0.5345888	0.5607581	0.468714	0.4502253	0.5362884	0.4523052	0.5290105	0.5683291	0.5994549	0.4481532	0.5748385	0.546585	0.5846379	0.5512351	0.5749136	0.563334	0.6668942	0.5605296	0.6637049	0.6128724
G59	0.4345519	0.3491663	0.3170534	0.3342473	0.30525	0.27308	0.3167384	0.3254468	0.2614022	0.3682162	0.2557279	0.3211797	0.2811872	0.3441197	0.3686694	0.2361971	0.3249415	0.3306133	0.3054377	0.2711567	0.3059731
G60	0.0983376	0.1343575	0.1178758	0.0935833	0.1446187	0.2398093	0.1519158	0.135738	0.151733	0.1635126	0.1169085	0.1563711	0.1978079	0.153086	0.1817045	0.2388438	0.1865877	0.1858003	0.1717356	0.2490992	0.1994492
G61	0.0796858	0.0650687	0.0378084	0.0657303	0.06692	0.0549723	0.0537006	0.0319642	0.0280432	0.0351494	0.0119698	0.0257202	0.0361952	0.0462129	0.0464041	0.0454466	0.0231237	0.0268244	0.0458963	0.0306851	0.0177244
G62	0.3591036	0.0389748	0.0521019	0.0072231	0.0028589	0.004781	0.0187593	0.00233	0.0007339	0.0007608	0.0063649	0.0639364	0.1262151	0.0993238	0.0992607	0.0602169	0.0553507	0.0694265	0.0529556	0.0908198	0.1230983
G63	0.7184808	0.7384994	0.6460116	0.6250877	0.6543745	0.7157026	0.5938372	0.5546517	0.4882723	0.6769434	0.5230158	0.6780733	0.5867487	0.5101686	0.6905155	0.5835768	0.6252086	0.5920171	0.6798696	0.449027	0.5483552
G64	0.0865392	0.0133071	0.0050886	0.0243448	0.0100095	0.0211464	0.0895516	0.1742548	0.2594775	0.293245	0.3024081	0.5752266	0.4552111	0.3452034	0.163511	0.0579925	0.053892	0.0819775	0.0456957	0.0740136	0.0714614
G65	0.6945091	0.6859091	0.5663476	0.6096466	0.6850178	0.6599712	0.6410153	0.725665	0.6582487	0.702259	0.7060023	0.6735486	0.5726844	0.6749105	0.8094689	0.623612	0.5920868	0.6481419	0.5204631	0.6563476	0.6643652
G66	0.460257	0.5609258	0.481851	0.4821905	0.5307062	0.4145445	0.3558149	0.3388509	0.3587141	0.299442	0.2884391	0.4577236	0.5703758	0.5403415	0.6004769	0.6380116	0.397506	0.4804017	0.4843701	0.4969207	0.4874281
G67	0.5655097	0.5865699	0.5647521	0.7696029	0.6667946	0.3484284	0.1469445	0.0629653	0.0839244	0.0576968	0.055859	0.0762816	0.2606081	0.455456	0.5622393	0.5828759	0.6034455	0.7927523	0.6361775	0.5777116	0.6480022
G68	0.6376175	0.6710222	0.5464566	0.4636834	0.1835669	0.0681941	0.0084381	0.0091759	0.0017047	0	0.0050404	0.0073671	0.0079122	0.0664804	0.2845712	0.487883	0.504491	0.6286675	0.6772608	0.6912104	0.6973525
G69	0.7477704	0.6016314	0.6504721	0.5151285	0.5234349	0.4780099	0.5643141	0.5130876	0.3951881	0.4642791	0.5144387	0.6054619	0.6272743	0.6375021	0.6837895	0.6732976	0.6606332	0.6935395	0.6574885	0.6500945	0.6738285
G70	0.652204	0.7078288	0.6645828	0.6583619	0.615859	0.692881	0.6695449	0.6714832	0.6543175	0.5431841	0.7760302	0.6521805	0.6414737	0.594705	0.6913236	0.6165825	0.7121487	0.5310818	0.5958926	0.5862294	0.5517738
G71	0.0369431	0.0296564	0.0394206	0.0386698	0.0161792	0.0163153	0.0102747	0.0137089	0.007086	0.0206807	0.0210647	0.0129217	0.0362721	0.0415846	0.0215942	0.0304828	0.0200205	0.0482723	0.0225037	0.0529641	0.0290553
G72	0.0993687	0.2608883	0.4805874	0.3540648	0.3507375	0.2924696	0.2312847	0.2615467	0.3206663	0.4135845	0.3735062	0.2456258	0.1317933	0.1446738	0.1657162	0.1310512	0.0996451	0.1050927	0.1036076	0.1190288	0.1195786
G73	0.7094781	0.705046	0.7348244	0.5878443	0.8091667	0.7346636	0.7303786	0.729517	0.6596909	0.6554758	0.6976687	0.6810956	0.6907301	0.6760908	0.6280198	0.6651329	0.6372658	0.6074647	0.6680709	0.5522142	0.7869948
G74	0.7165524	0.5238857	0.5864549	0.6229391	0.5975164	0.7612522	0.6153345	0.4944983	0.4996714	0.5616234	0.5621274	0.7933749	0.519174	0.6422149	0.6967025	0.6481768	0.644421	0.6564966	0.6323855	0.7180494	0.6312235
G75	0.1325111	0.4218956	0.5671468	0.4848459	0.5051052	0.463498	0.5654256	0.4849665	0.4537542	0.4486594	0.5120058	0.1404129	0.1128316	0.1204246	0.1536972	0.1439584	0.0888956	0.0510817	0.1455909	0.1031231	0.1163072
G76	0.6198467	0.6696331	0.6892648	0.6513436	0.5364218	0.6864136	0.5927758	0.6307507	0.6104427	0.6603713	0.6126534	0.6721917	0.6263333	0.7016765	0.5863388	0.6254226	0.6841405	0.6597541	0.596462	0.6129596	0.6913312
G77	0.5101248	0.5370459	0.5665255	0.6819773	0.6414571	0.6819233	0.5908433	0.6772679	0.6800678	0.6189287	0.6257043	0.6426381	0.5405569	0.6457539	0.5916546	0.5813593	0.661841	0.4789619	0.5564767	0.6196956	0.6315519
G78	0.016507	0.002119	0.0026445	0.0007396	0.0000551	0.0000112	0.0006698	0.0001238	0.0005728	0.0012358	0.0001592	0.0341076	0.0544886	0.041076	0.0166845	0.0455653	0.0265195	0.0075783	0.0192885	0.0067346	0.0090213
G79	0.7810012	0.579191	0.6584482	0.5633035	0.5859046	0.7893283	0.6908177	0.7461134	0.7073114	0.7062357	0.6223281	0.6189845	0.7226132	0.5790616	0.6175674	0.5838913	0.6770568	0.5371935	0.5720837	0.6368066	0.6649333
G80	0.2281564	0.2057503	0.1664764	0.205581	0.2118659	0.2511232	0.3035315	0.2681245	0.2239506	0.2371351	0.3148564	0.2610358	0.189398	0.2185558	0.2085369	0.2276439	0.2394576	0.1754899	0.2209878	0.2412975	0.1834115
G81	0.6543019	0.612626	0.7472131	0.6112205	0.6540656	0.715481	0.6122037	0.5411306	0.5063074	0.5013849	0.3980158	0.6661121	0.5003192	0.6917323	0.6502924	0.6859843	0.6308384	0.6959817	0.5666347	0.7397553	0.5583751
G82	0.0023536	0.0066811	0.0003165	0.0023415	0.0031274	0.0000299	0.0006153	0.0000726	0.00038	0.0005283	0.0013933	0	0.0005075	0.0033281	0.0005467	0.0010981	0.0003777	0.0007216	0.0018767	0.0018407	0
G83	0.4749015	0.4436228	0.4540662	0.4217776	0.5064757	0.3897485	0.4161801	0.4138416	0.4655324	0.4499231	0.5154756	0.4789959	0.464396	0.4458073	0.3599946	0.4201243	0.3580199	0.4772342	0.3851123	0.4752613	0.4991674
G84	0.6123951	0.6182613	0.7152627	0.5220998	0.6191856	0.5745651	0.5512757	0.6260492	0.6464393	0.4918647	0.5486499	0.5949459	0.6711248	0.6604906	0.5579403	0.5804434	0.6941882	0.6404833	0.6529622	0.7312172	0.5127963
G85	0.0058323	0.0137872	0.0156991	0.0082149	0.0131042	0.0133339	0.0399375	0.0414606	0.0267722	0.0418457	0.0380975	0.0210133	0.0191839	0.0148543	0.0125067	0.0116085	0.0236385	0.0075165	0.0180312	0.0185256	0.0229006
G86	0.1717208	0.299854	0.4265393	0.4104322	0.5232617	0.5745188	0.6461792	0.6908859	0.6150755	0.6710447	0.6419337	0.3518394	0.3783342	0.256324	0.1297188	0.1238634	0.091775	0.1549048	0.1586438	0.1053142	0.1303964
G87	0.3348738	0.3061531	0.3194741	0.505574	0.5418993	0.5932125	0.7513953	0.6886887	0.7072582	0.6874113	0.6054348	0.5357066	0.5958143	0.5304695	0.4199238	0.5639348	0.3070329	0.2653817	0.2559754	0.2994943	0.2702086
G88	0.326558	0.244254	0.3126888	0.3509207	0.4139889	0.4502115	0.5059696	0.5670686	0.543074	0.4888786	0.4529834	0.4826154	0.4455799	0.349595	0.3840374	0.4603071	0.3760213	0.3882615	0.4690391	0.3267419	0.4280388
G89	0.6626641	0.5947558	0.5387463	0.5296081	0.5319802	0.5469138	0.4731745	0.4736748	0.3643687	0.3760698	0.3264077	0.2823245	0.1497614	0.1549224	0.189114	0.2148165	0.3071774	0.2893121	0.2337401	0.1538166	0.2005632
G90	0.0364814	0.0182166	0.0267448	0.0551324	0.0938395	0.145651	0.2214037	0.3231997	0.2790641	0.2418245	0.4030775	0.2645228	0.380685	0.3026085	0.3259489	0.2937461	0.1663065	0.1406257	0.1997765	0.0815193	0.059198
G91	0.6860549	0.5584113	0.7244631	0.6043456	0.7404064	0.504918	0.3037607	0.2530709	0.1680159	0.0760005	0.063156	0.1297986	0.2023794	0.2409709	0.2379476	0.2189604	0.2130778	0.2466011	0.2910957	0.3138189	0.4087838
G92	0.6131772	0.6538759	0.6189915	0.551065	0.7324913	0.6529023	0.6870572	0.6523349	0.6602784	0.6132328	0.5125583	0.5842766	0.7481152	0.6751464	0.6312345	0.5730072	0.4739235	0.6248033	0.6842895	0.6246529	0.6022763
G93	0.0732912	0.0302516	0.0361409	0.0226358	0.0488409	0.0286833	0.0372287	0.0354528	0.03851	0.0315304	0.0527524	0.018691	0.0273529	0.0257407	0.0272225	0.0186989	0.0560204	0.0362168	0.0258398	0.0425724	0.0364666
G94	0.0241346	0.0074053	0.025668	0.0305385	0.0354855	0.0195119	0.074859	0.015349	0.0195318	0.0328339	0.0514366	0.0296656	0.0209807	0.0154293	0.0398515	0.0199836	0.0102127	0.0251165	0.0356875	0.0174	0.0156918
G95	0.0202174	0.0105393	0.02071	0.0048288	0.020086	0.0118661	0.0064176	0.0082894	0.0087015	0.0111937	0.0266525	0.0115851	0.0188658	0.0158966	0.0080663	0.0096278	0.0044353	0.0100677	0.0089456	0.0074525	0.0045125
G96	0.6057216	0.665439	0.6629256	0.7651371	0.7409084	0.6987951	0.6435829	0.7282957	0.553482	0.6181246	0.6266974	0.7256803	0.7688339	0.6372827	0.6335954	0.6010734	0.6304788	0.6743198	0.627797	0.6774256	0.7074698
G97	0.683272	0.5786668	0.6386332	0.5703434	0.6025044	0.6007878	0.6228951	0.6449103	0.5754213	0.6846778	0.5550236	0.625004	0.6505511	0.600282	0.6301974	0.5221045	0.7120024	0.7485366	0.6847979	0.6209807	0.7899
G98	0.0861939	0.0508244	0.1221369	0.165442	0.0664359	0.0801027	0.0329368	0.0128085	0.0174467	0.0261517	0.0390699	0.0161455	0.0312044	0.1106214	0.095252	0.0391872	0.0442316	0.0273335	0.0535886	0.1123011	0.0727702
G99	0.6246189	0.6711169	0.6167907	0.5598688	0.5492542	0.3286272	0.30778	0.2822725	0.2665647	0.1900054	0.2320596	0.1555454	0.3770077	0.564294	0.5457464	0.6625397	0.6408205	0.5800319	0.5411631	0.729434	0.6595354
G100	0.2007969	0.152947	0.2667745	0.3778303	0.4519397	0.5860746	0.586576	0.5241929	0.6736586	0.6314906	0.6058321	0.5804146	0.5458197	0.5138925	0.3850261	0.3701495	0.262888	0.2106598	0.232493	0.1837	0.1475006
